*** Solution number: 1 after 4 s ***
----------------------------------------
Proc: {0, 0, 0, 0, 0, 0, 0, 1, 1, 1, 1, 1, 1, 1, 2, 2, 3, 3, 4, 4}
proc mode: {0, 0, 0, 0, 0, 0, 0, 0}
Latency: {7732}
Period: {2950}
Procs used: 5
Proc_period: {2950, 2950, 2950, [1..2147483646], [1..2147483646], [1..2147483646], [1..2147483646], [1..2147483646]}
Proc utilization: {1000, 717, 900, 600, 228, 0, 0, 0}
Sys utilization: 430
ProcsUsed utilization: 689
proc power: {10000, 7180, 9010, 6000, 3192, 0, 0, 0}
sys power: 35382
proc area: {10, 10, 10, 10, 12, 12, 12, 12}
sys area: 88
proc cost: {10, 10, 10, 10, 12, 12, 12, 12}
sys cost: 88
Next: 1 2 3 4 5 6 16 8 9 10 11 12 13 17 15 18 || 7 14 19 20 21 22 23 0 
TDMA slots: {1, 1, 0, 0, 0, 0, 0, 0}
S-order: {1, 2, 3, 4, 5, 6, 7, 8, 9, 10, 11, 20, 13, 14, 15, 16, 17, 18, 21, 22, 12, 19, 23, 24, 25, 26, 27, 0}
wcct_b: {0, 0, 0, 0, 1, 1, 1, 0, 1, 0, 1, 1, 1, 0, 1, 0, 1, 0, 1, 0}
wcct_s: {0, 0, 0, 0, 4, 4, 4, 0, 4, 0, 4, 4, 4, 0, 4, 0, 4, 0, 4, 0}
R-order: {1, 7, 9, 20, 13, 15, 17, 2, 10, 3, 12, 4, 14, 5, 16, 6, 18, 21, 19, 22, 11, 8, 23, 24, 25, 26, 27, 0}
wcct_r: {0, 0, 0, 0, 0, 0, 0, 0, 0, 0, 0, 0, 0, 0, 0, 0, 0, 0, 0, 0}
----------------------------------------
*** Solution number: 2 after 15 s ***
----------------------------------------
Proc: {0, 0, 0, 0, 0, 0, 0, 1, 1, 1, 1, 1, 1, 2, 2, 2, 3, 4, 3, 3}
proc mode: {0, 0, 0, 0, 0, 0, 0, 0}
Latency: {7732}
Period: {2996}
Procs used: 5
Proc_period: {2996, 2996, 2996, [1..2147483646], [1..2147483646], [1..2147483646], [1..2147483646], [1..2147483646]}
Proc utilization: {984, 592, 1000, 584, 240, 0, 0, 0}
Sys utilization: 425
ProcsUsed utilization: 680
proc power: {9850, 5930, 10000, 5840, 3360, 0, 0, 0}
sys power: 34980
proc area: {10, 10, 10, 10, 12, 12, 12, 12}
sys area: 88
proc cost: {10, 10, 10, 10, 12, 12, 12, 12}
sys cost: 88
Next: 1 2 3 4 5 6 16 8 9 10 11 12 17 14 15 18 || 7 13 19 20 21 22 23 0 
TDMA slots: {1, 1, 0, 0, 0, 0, 0, 0}
S-order: {1, 2, 3, 4, 5, 6, 7, 8, 9, 10, 11, 20, 13, 14, 15, 16, 17, 21, 19, 22, 12, 18, 23, 24, 25, 26, 27, 0}
wcct_b: {0, 0, 0, 0, 1, 1, 1, 0, 1, 0, 1, 1, 1, 0, 1, 0, 1, 1, 0, 0}
wcct_s: {0, 0, 0, 0, 4, 4, 4, 0, 4, 0, 4, 4, 4, 0, 4, 0, 4, 4, 0, 0}
R-order: {1, 7, 9, 20, 13, 15, 21, 2, 10, 3, 12, 4, 14, 5, 16, 6, 19, 18, 8, 22, 11, 17, 23, 24, 25, 26, 27, 0}
wcct_r: {0, 0, 0, 0, 0, 0, 0, 0, 0, 0, 0, 0, 0, 0, 0, 0, 0, 0, 0, 0}
----------------------------------------
*** Solution number: 3 after 33 s ***
----------------------------------------
Proc: {0, 0, 0, 0, 0, 0, 0, 1, 1, 1, 1, 1, 1, 2, 2, 2, 4, 5, 3, 6}
proc mode: {0, 0, 0, 0, 0, 0, 1, 0}
Latency: {7732}
Period: {2996}
Procs used: 7
Proc_period: {2996, 2996, 2996, [1..2147483646], [1..2147483646], [1..2147483646], [1..2147483646], [1..2147483646]}
Proc utilization: {984, 592, 1000, 142, 240, 240, 171, 0}
Sys utilization: 421
ProcsUsed utilization: 481
proc power: {9850, 5930, 10000, 1420, 3360, 3360, 1026, 0}
sys power: 34946
proc area: {10, 10, 10, 10, 12, 12, 8, 12}
sys area: 84
proc cost: {10, 10, 10, 10, 12, 12, 8, 12}
sys cost: 84
Next: 1 2 3 4 5 6 16 8 9 10 11 12 17 14 15 18 || 7 13 19 20 21 22 23 0 
TDMA slots: {1, 1, 0, 0, 0, 0, 0, 0}
S-order: {1, 2, 3, 4, 5, 6, 7, 8, 9, 10, 11, 20, 13, 14, 15, 16, 17, 21, 19, 22, 12, 18, 23, 24, 25, 26, 27, 0}
wcct_b: {0, 0, 0, 0, 1, 1, 1, 0, 1, 0, 1, 1, 1, 0, 1, 0, 1, 1, 0, 0}
wcct_s: {0, 0, 0, 0, 4, 4, 4, 0, 4, 0, 4, 4, 4, 0, 4, 0, 4, 4, 0, 0}
R-order: {1, 7, 9, 20, 13, 15, 21, 2, 10, 3, 12, 4, 14, 5, 16, 6, 19, 18, 8, 22, 11, 17, 23, 24, 25, 26, 27, 0}
wcct_r: {0, 0, 0, 0, 0, 0, 0, 0, 0, 0, 0, 0, 0, 0, 0, 0, 0, 0, 0, 0}
----------------------------------------
*** Solution number: 4 after 45 s ***
----------------------------------------
Proc: {0, 0, 0, 0, 0, 0, 0, 1, 1, 1, 1, 1, 1, 2, 2, 2, 4, 5, 6, 7}
proc mode: {0, 0, 0, 0, 0, 0, 1, 1}
Latency: {7732}
Period: {2996}
Procs used: 7
Proc_period: {2996, 2996, 2996, [1..2147483646], [1..2147483646], [1..2147483646], [1..2147483646], [1..2147483646]}
Proc utilization: {984, 592, 1000, 0, 240, 240, 171, 171}
Sys utilization: 424
ProcsUsed utilization: 485
proc power: {9850, 5930, 10000, 0, 3360, 3360, 1026, 1026}
sys power: 34552
proc area: {10, 10, 10, 10, 12, 12, 8, 8}
sys area: 80
proc cost: {10, 10, 10, 10, 12, 12, 8, 8}
sys cost: 80
Next: 1 2 3 4 5 6 16 8 9 10 11 12 17 14 15 18 || 7 13 19 20 21 22 23 0 
TDMA slots: {1, 1, 0, 0, 0, 0, 0, 0}
S-order: {1, 2, 3, 4, 5, 6, 7, 8, 9, 10, 11, 20, 13, 14, 15, 16, 17, 21, 19, 22, 12, 18, 23, 24, 25, 26, 27, 0}
wcct_b: {0, 0, 0, 0, 1, 1, 1, 0, 1, 0, 1, 1, 1, 0, 1, 0, 1, 1, 0, 0}
wcct_s: {0, 0, 0, 0, 4, 4, 4, 0, 4, 0, 4, 4, 4, 0, 4, 0, 4, 4, 0, 0}
R-order: {1, 7, 9, 20, 13, 15, 21, 2, 10, 3, 12, 4, 14, 5, 16, 6, 19, 18, 8, 22, 11, 17, 23, 24, 25, 26, 27, 0}
wcct_r: {0, 0, 0, 0, 0, 0, 0, 0, 0, 0, 0, 0, 0, 0, 0, 0, 0, 0, 0, 0}
----------------------------------------
*** Solution number: 5 after 48 s ***
----------------------------------------
Proc: {0, 0, 0, 0, 0, 0, 0, 1, 1, 1, 1, 1, 1, 2, 2, 2, 4, 5, 4, 4}
proc mode: {0, 0, 0, 0, 0, 1, 0, 0}
Latency: {7732}
Period: {2996}
Procs used: 5
Proc_period: {2996, 2996, 2996, [1..2147483646], [1..2147483646], [1..2147483646], [1..2147483646], [1..2147483646]}
Proc utilization: {984, 592, 1000, 0, 468, 360, 0, 0}
Sys utilization: 425
ProcsUsed utilization: 680
proc power: {9850, 5930, 10000, 0, 6552, 2160, 0, 0}
sys power: 34492
proc area: {10, 10, 10, 10, 12, 8, 12, 12}
sys area: 84
proc cost: {10, 10, 10, 10, 12, 8, 12, 12}
sys cost: 84
Next: 1 2 3 4 5 6 16 8 9 10 11 12 17 14 15 18 || 7 13 19 20 21 22 23 0 
TDMA slots: {1, 1, 0, 0, 0, 0, 0, 0}
S-order: {1, 2, 3, 4, 5, 6, 7, 8, 9, 10, 11, 20, 13, 14, 15, 16, 17, 21, 19, 22, 12, 18, 23, 24, 25, 26, 27, 0}
wcct_b: {0, 0, 0, 0, 1, 1, 1, 0, 1, 0, 1, 1, 1, 0, 1, 0, 1, 1, 0, 0}
wcct_s: {0, 0, 0, 0, 4, 4, 4, 0, 4, 0, 4, 4, 4, 0, 4, 0, 4, 4, 0, 0}
R-order: {1, 7, 9, 20, 13, 15, 21, 2, 10, 3, 12, 4, 14, 5, 16, 6, 19, 18, 8, 22, 11, 17, 23, 24, 25, 26, 27, 0}
wcct_r: {0, 0, 0, 0, 0, 0, 0, 0, 0, 0, 0, 0, 0, 0, 0, 0, 0, 0, 0, 0}
----------------------------------------
*** Solution number: 6 after 54 s ***
----------------------------------------
Proc: {0, 0, 0, 0, 0, 0, 0, 1, 1, 1, 1, 1, 1, 2, 2, 2, 3, 4, 5, 6}
proc mode: {0, 0, 0, 0, 0, 1, 1, 0}
Latency: {7732}
Period: {2996}
Procs used: 7
Proc_period: {2996, 2996, 2996, [1..2147483646], [1..2147483646], [1..2147483646], [1..2147483646], [1..2147483646]}
Proc utilization: {984, 592, 1000, 300, 240, 171, 171, 0}
Sys utilization: 432
ProcsUsed utilization: 494
proc power: {9850, 5930, 10000, 3000, 3360, 1026, 1026, 0}
sys power: 34192
proc area: {10, 10, 10, 10, 12, 8, 8, 12}
sys area: 80
proc cost: {10, 10, 10, 10, 12, 8, 8, 12}
sys cost: 80
Next: 1 2 3 4 5 6 16 8 9 10 11 12 17 14 15 18 || 7 13 19 20 21 22 23 0 
TDMA slots: {1, 1, 0, 0, 0, 0, 0, 0}
S-order: {1, 2, 3, 4, 5, 6, 7, 8, 9, 10, 11, 20, 13, 14, 15, 16, 17, 21, 19, 22, 12, 18, 23, 24, 25, 26, 27, 0}
wcct_b: {0, 0, 0, 0, 1, 1, 1, 0, 1, 0, 1, 1, 1, 0, 1, 0, 1, 1, 0, 0}
wcct_s: {0, 0, 0, 0, 4, 4, 4, 0, 4, 0, 4, 4, 4, 0, 4, 0, 4, 4, 0, 0}
R-order: {1, 7, 9, 20, 13, 15, 21, 2, 10, 3, 12, 4, 14, 5, 16, 6, 19, 18, 8, 22, 11, 17, 23, 24, 25, 26, 27, 0}
wcct_r: {0, 0, 0, 0, 0, 0, 0, 0, 0, 0, 0, 0, 0, 0, 0, 0, 0, 0, 0, 0}
----------------------------------------
*** Solution number: 7 after 79 s ***
----------------------------------------
Proc: {0, 0, 0, 0, 0, 0, 0, 1, 1, 1, 1, 1, 1, 2, 2, 2, 3, 4, 3, 3}
proc mode: {0, 0, 0, 0, 1, 0, 0, 0}
Latency: {7732}
Period: {2996}
Procs used: 5
Proc_period: {2996, 2996, 2996, [1..2147483646], [1..2147483646], [1..2147483646], [1..2147483646], [1..2147483646]}
Proc utilization: {984, 592, 1000, 584, 360, 0, 0, 0}
Sys utilization: 440
ProcsUsed utilization: 704
proc power: {9850, 5930, 10000, 5840, 2160, 0, 0, 0}
sys power: 33780
proc area: {10, 10, 10, 10, 8, 12, 12, 12}
sys area: 84
proc cost: {10, 10, 10, 10, 8, 12, 12, 12}
sys cost: 84
Next: 1 2 3 4 5 6 16 8 9 10 11 12 17 14 15 18 || 7 13 19 20 21 22 23 0 
TDMA slots: {1, 1, 0, 0, 0, 0, 0, 0}
S-order: {1, 2, 3, 4, 5, 6, 7, 8, 9, 10, 11, 20, 13, 14, 15, 16, 17, 21, 19, 22, 12, 18, 23, 24, 25, 26, 27, 0}
wcct_b: {0, 0, 0, 0, 1, 1, 1, 0, 1, 0, 1, 1, 1, 0, 1, 0, 1, 1, 0, 0}
wcct_s: {0, 0, 0, 0, 4, 4, 4, 0, 4, 0, 4, 4, 4, 0, 4, 0, 4, 4, 0, 0}
R-order: {1, 7, 9, 20, 13, 15, 21, 2, 10, 3, 12, 4, 14, 5, 16, 6, 19, 18, 8, 22, 11, 17, 23, 24, 25, 26, 27, 0}
wcct_r: {0, 0, 0, 0, 0, 0, 0, 0, 0, 0, 0, 0, 0, 0, 0, 0, 0, 0, 0, 0}
----------------------------------------
*** Solution number: 8 after 79 s ***
----------------------------------------
Proc: {0, 0, 0, 0, 0, 0, 0, 1, 1, 1, 1, 1, 1, 2, 2, 2, 3, 4, 3, 4}
proc mode: {0, 0, 0, 0, 1, 0, 0, 0}
Latency: {7732}
Period: {2996}
Procs used: 5
Proc_period: {2996, 2996, 2996, [1..2147483646], [1..2147483646], [1..2147483646], [1..2147483646], [1..2147483646]}
Proc utilization: {984, 592, 1000, 442, 531, 0, 0, 0}
Sys utilization: 443
ProcsUsed utilization: 709
proc power: {9850, 5930, 10000, 4420, 3186, 0, 0, 0}
sys power: 33386
proc area: {10, 10, 10, 10, 8, 12, 12, 12}
sys area: 84
proc cost: {10, 10, 10, 10, 8, 12, 12, 12}
sys cost: 84
Next: 1 2 3 4 5 6 16 8 9 10 11 12 17 14 15 18 || 7 13 19 20 21 22 23 0 
TDMA slots: {1, 1, 0, 0, 0, 0, 0, 0}
S-order: {1, 2, 3, 4, 5, 6, 7, 8, 9, 10, 11, 20, 13, 14, 15, 16, 17, 21, 19, 22, 12, 18, 23, 24, 25, 26, 27, 0}
wcct_b: {0, 0, 0, 0, 1, 1, 1, 0, 1, 0, 1, 1, 1, 0, 1, 0, 1, 1, 0, 0}
wcct_s: {0, 0, 0, 0, 4, 4, 4, 0, 4, 0, 4, 4, 4, 0, 4, 0, 4, 4, 0, 0}
R-order: {1, 7, 9, 20, 13, 15, 21, 2, 10, 3, 12, 4, 14, 5, 16, 6, 19, 18, 8, 22, 11, 17, 23, 24, 25, 26, 27, 0}
wcct_r: {0, 0, 0, 0, 0, 0, 0, 0, 0, 0, 0, 0, 0, 0, 0, 0, 0, 0, 0, 0}
----------------------------------------
*** Solution number: 9 after 80 s ***
----------------------------------------
Proc: {0, 0, 0, 0, 0, 0, 0, 1, 1, 1, 1, 1, 1, 2, 2, 2, 3, 4, 4, 4}
proc mode: {0, 0, 0, 0, 1, 0, 0, 0}
Latency: {7732}
Period: {2996}
Procs used: 5
Proc_period: {2996, 2996, 2996, [1..2147483646], [1..2147483646], [1..2147483646], [1..2147483646], [1..2147483646]}
Proc utilization: {984, 592, 1000, 300, 702, 0, 0, 0}
Sys utilization: 447
ProcsUsed utilization: 715
proc power: {9850, 5930, 10000, 3000, 4212, 0, 0, 0}
sys power: 32992
proc area: {10, 10, 10, 10, 8, 12, 12, 12}
sys area: 84
proc cost: {10, 10, 10, 10, 8, 12, 12, 12}
sys cost: 84
Next: 1 2 3 4 5 6 16 8 9 10 11 12 17 14 15 18 || 7 13 19 20 21 22 23 0 
TDMA slots: {1, 1, 0, 0, 0, 0, 0, 0}
S-order: {1, 2, 3, 4, 5, 6, 7, 8, 9, 10, 11, 20, 13, 14, 15, 16, 17, 21, 19, 22, 12, 18, 23, 24, 25, 26, 27, 0}
wcct_b: {0, 0, 0, 0, 1, 1, 1, 0, 1, 0, 1, 1, 1, 0, 1, 0, 1, 1, 0, 0}
wcct_s: {0, 0, 0, 0, 4, 4, 4, 0, 4, 0, 4, 4, 4, 0, 4, 0, 4, 4, 0, 0}
R-order: {1, 7, 9, 20, 13, 15, 21, 2, 10, 3, 12, 4, 14, 5, 16, 6, 19, 18, 8, 22, 11, 17, 23, 24, 25, 26, 27, 0}
wcct_r: {0, 0, 0, 0, 0, 0, 0, 0, 0, 0, 0, 0, 0, 0, 0, 0, 0, 0, 0, 0}
----------------------------------------
*** Solution number: 10 after 80 s ***
----------------------------------------
Proc: {0, 0, 0, 0, 0, 0, 0, 1, 1, 1, 1, 1, 1, 2, 2, 2, 4, 4, 3, 3}
proc mode: {0, 0, 0, 0, 1, 0, 0, 0}
Latency: {7732}
Period: {2996}
Procs used: 5
Proc_period: {2996, 2996, 2996, [1..2147483646], [1..2147483646], [1..2147483646], [1..2147483646], [1..2147483646]}
Proc utilization: {984, 592, 1000, 284, 720, 0, 0, 0}
Sys utilization: 447
ProcsUsed utilization: 716
proc power: {9850, 5930, 10000, 2840, 4320, 0, 0, 0}
sys power: 32940
proc area: {10, 10, 10, 10, 8, 12, 12, 12}
sys area: 84
proc cost: {10, 10, 10, 10, 8, 12, 12, 12}
sys cost: 84
Next: 1 2 3 4 5 6 16 8 9 10 11 12 17 14 15 18 || 7 13 19 20 21 22 23 0 
TDMA slots: {1, 1, 0, 0, 0, 0, 0, 0}
S-order: {1, 2, 3, 4, 5, 6, 7, 8, 9, 10, 11, 20, 13, 14, 15, 16, 17, 21, 19, 22, 12, 18, 23, 24, 25, 26, 27, 0}
wcct_b: {0, 0, 0, 0, 1, 1, 1, 0, 1, 0, 1, 1, 1, 0, 1, 0, 1, 1, 0, 0}
wcct_s: {0, 0, 0, 0, 4, 4, 4, 0, 4, 0, 4, 4, 4, 0, 4, 0, 4, 4, 0, 0}
R-order: {1, 7, 9, 20, 13, 15, 21, 2, 10, 3, 12, 4, 14, 5, 16, 6, 19, 18, 8, 22, 11, 17, 23, 24, 25, 26, 27, 0}
wcct_r: {0, 0, 0, 0, 0, 0, 0, 0, 0, 0, 0, 0, 0, 0, 0, 0, 0, 0, 0, 0}
----------------------------------------
*** Solution number: 11 after 80 s ***
----------------------------------------
Proc: {0, 0, 0, 0, 0, 0, 0, 1, 1, 1, 1, 1, 1, 2, 2, 2, 4, 4, 3, 4}
proc mode: {0, 0, 0, 0, 1, 0, 0, 0}
Latency: {7732}
Period: {2996}
Procs used: 5
Proc_period: {2996, 2996, 2996, [1..2147483646], [1..2147483646], [1..2147483646], [1..2147483646], [1..2147483646]}
Proc utilization: {984, 592, 1000, 142, 891, 0, 0, 0}
Sys utilization: 451
ProcsUsed utilization: 721
proc power: {9850, 5930, 10000, 1420, 5346, 0, 0, 0}
sys power: 32546
proc area: {10, 10, 10, 10, 8, 12, 12, 12}
sys area: 84
proc cost: {10, 10, 10, 10, 8, 12, 12, 12}
sys cost: 84
Next: 1 2 3 4 5 6 16 8 9 10 11 12 17 14 15 18 || 7 13 19 20 21 22 23 0 
TDMA slots: {1, 1, 0, 0, 0, 0, 0, 0}
S-order: {1, 2, 3, 4, 5, 6, 7, 8, 9, 10, 11, 20, 13, 14, 15, 16, 17, 21, 19, 22, 12, 18, 23, 24, 25, 26, 27, 0}
wcct_b: {0, 0, 0, 0, 1, 1, 1, 0, 1, 0, 1, 1, 1, 0, 1, 0, 1, 1, 0, 0}
wcct_s: {0, 0, 0, 0, 4, 4, 4, 0, 4, 0, 4, 4, 4, 0, 4, 0, 4, 4, 0, 0}
R-order: {1, 7, 9, 20, 13, 15, 21, 2, 10, 3, 12, 4, 14, 5, 16, 6, 19, 18, 8, 22, 11, 17, 23, 24, 25, 26, 27, 0}
wcct_r: {0, 0, 0, 0, 0, 0, 0, 0, 0, 0, 0, 0, 0, 0, 0, 0, 0, 0, 0, 0}
----------------------------------------
*** Solution number: 12 after 109 s ***
----------------------------------------
Proc: {0, 0, 0, 0, 0, 0, 0, 1, 1, 1, 1, 1, 1, 2, 2, 2, 4, 4, 4, 5}
proc mode: {0, 0, 0, 0, 1, 1, 0, 0}
Latency: {7732}
Period: {2996}
Procs used: 5
Proc_period: {2996, 2996, 2996, [1..2147483646], [1..2147483646], [1..2147483646], [1..2147483646], [1..2147483646]}
Proc utilization: {984, 592, 1000, 0, 891, 171, 0, 0}
Sys utilization: 454
ProcsUsed utilization: 727
proc power: {9850, 5930, 10000, 0, 5346, 1026, 0, 0}
sys power: 32152
proc area: {10, 10, 10, 10, 8, 8, 12, 12}
sys area: 80
proc cost: {10, 10, 10, 10, 8, 8, 12, 12}
sys cost: 80
Next: 1 2 3 4 5 6 16 8 9 10 11 12 17 14 15 18 || 7 13 19 20 21 22 23 0 
TDMA slots: {1, 1, 0, 0, 0, 0, 0, 0}
S-order: {1, 2, 3, 4, 5, 6, 7, 8, 9, 10, 11, 20, 13, 14, 15, 16, 17, 21, 19, 22, 12, 18, 23, 24, 25, 26, 27, 0}
wcct_b: {0, 0, 0, 0, 1, 1, 1, 0, 1, 0, 1, 1, 1, 0, 1, 0, 1, 1, 0, 0}
wcct_s: {0, 0, 0, 0, 4, 4, 4, 0, 4, 0, 4, 4, 4, 0, 4, 0, 4, 4, 0, 0}
R-order: {1, 7, 9, 20, 13, 15, 21, 2, 10, 3, 12, 4, 14, 5, 16, 6, 19, 18, 8, 22, 11, 17, 23, 24, 25, 26, 27, 0}
wcct_r: {0, 0, 0, 0, 0, 0, 0, 0, 0, 0, 0, 0, 0, 0, 0, 0, 0, 0, 0, 0}
----------------------------------------
*** Solution number: 13 after 304 s ***
----------------------------------------
Proc: {0, 0, 0, 0, 0, 0, 0, 1, 1, 1, 1, 1, 1, 2, 2, 2, 3, 4, 3, 3}
proc mode: {0, 1, 0, 0, 1, 0, 0, 0}
Latency: {8089}
Period: {2996}
Procs used: 5
Proc_period: {2996, 2996, 2996, [1..2147483646], [1..2147483646], [1..2147483646], [1..2147483646], [1..2147483646]}
Proc utilization: {984, 711, 1000, 584, 360, 0, 0, 0}
Sys utilization: 454
ProcsUsed utilization: 727
proc power: {9850, 4272, 10000, 5840, 2160, 0, 0, 0}
sys power: 32122
proc area: {10, 8, 10, 10, 8, 12, 12, 12}
sys area: 82
proc cost: {10, 8, 10, 10, 8, 12, 12, 12}
sys cost: 82
Next: 1 2 3 4 5 6 16 8 9 10 11 12 17 14 15 18 || 7 13 19 20 21 22 23 0 
TDMA slots: {1, 1, 0, 0, 0, 0, 0, 0}
S-order: {1, 2, 3, 4, 5, 6, 7, 8, 9, 10, 11, 20, 13, 14, 15, 16, 17, 21, 19, 22, 12, 18, 23, 24, 25, 26, 27, 0}
wcct_b: {0, 0, 0, 0, 1, 1, 1, 0, 1, 0, 1, 1, 1, 0, 1, 0, 1, 1, 0, 0}
wcct_s: {0, 0, 0, 0, 4, 4, 4, 0, 4, 0, 4, 4, 4, 0, 4, 0, 4, 4, 0, 0}
R-order: {1, 7, 9, 20, 13, 15, 21, 2, 10, 3, 12, 4, 14, 5, 16, 6, 19, 18, 8, 22, 11, 17, 23, 24, 25, 26, 27, 0}
wcct_r: {0, 0, 0, 0, 0, 0, 0, 0, 0, 0, 0, 0, 0, 0, 0, 0, 0, 0, 0, 0}
----------------------------------------
*** Solution number: 14 after 304 s ***
----------------------------------------
Proc: {0, 0, 0, 0, 0, 0, 0, 1, 1, 1, 1, 1, 1, 2, 2, 2, 3, 4, 3, 4}
proc mode: {0, 1, 0, 0, 1, 0, 0, 0}
Latency: {8089}
Period: {2996}
Procs used: 5
Proc_period: {2996, 2996, 2996, [1..2147483646], [1..2147483646], [1..2147483646], [1..2147483646], [1..2147483646]}
Proc utilization: {984, 711, 1000, 442, 531, 0, 0, 0}
Sys utilization: 458
ProcsUsed utilization: 733
proc power: {9850, 4272, 10000, 4420, 3186, 0, 0, 0}
sys power: 31728
proc area: {10, 8, 10, 10, 8, 12, 12, 12}
sys area: 82
proc cost: {10, 8, 10, 10, 8, 12, 12, 12}
sys cost: 82
Next: 1 2 3 4 5 6 16 8 9 10 11 12 17 14 15 18 || 7 13 19 20 21 22 23 0 
TDMA slots: {1, 1, 0, 0, 0, 0, 0, 0}
S-order: {1, 2, 3, 4, 5, 6, 7, 8, 9, 10, 11, 20, 13, 14, 15, 16, 17, 21, 19, 22, 12, 18, 23, 24, 25, 26, 27, 0}
wcct_b: {0, 0, 0, 0, 1, 1, 1, 0, 1, 0, 1, 1, 1, 0, 1, 0, 1, 1, 0, 0}
wcct_s: {0, 0, 0, 0, 4, 4, 4, 0, 4, 0, 4, 4, 4, 0, 4, 0, 4, 4, 0, 0}
R-order: {1, 7, 9, 20, 13, 15, 21, 2, 10, 3, 12, 4, 14, 5, 16, 6, 19, 18, 8, 22, 11, 17, 23, 24, 25, 26, 27, 0}
wcct_r: {0, 0, 0, 0, 0, 0, 0, 0, 0, 0, 0, 0, 0, 0, 0, 0, 0, 0, 0, 0}
----------------------------------------
*** Solution number: 15 after 304 s ***
----------------------------------------
Proc: {0, 0, 0, 0, 0, 0, 0, 1, 1, 1, 1, 1, 1, 2, 2, 2, 3, 4, 4, 4}
proc mode: {0, 1, 0, 0, 1, 0, 0, 0}
Latency: {8089}
Period: {2996}
Procs used: 5
Proc_period: {2996, 2996, 2996, [1..2147483646], [1..2147483646], [1..2147483646], [1..2147483646], [1..2147483646]}
Proc utilization: {984, 711, 1000, 300, 702, 0, 0, 0}
Sys utilization: 462
ProcsUsed utilization: 739
proc power: {9850, 4272, 10000, 3000, 4212, 0, 0, 0}
sys power: 31334
proc area: {10, 8, 10, 10, 8, 12, 12, 12}
sys area: 82
proc cost: {10, 8, 10, 10, 8, 12, 12, 12}
sys cost: 82
Next: 1 2 3 4 5 6 16 8 9 10 11 12 17 14 15 18 || 7 13 19 20 21 22 23 0 
TDMA slots: {1, 1, 0, 0, 0, 0, 0, 0}
S-order: {1, 2, 3, 4, 5, 6, 7, 8, 9, 10, 11, 20, 13, 14, 15, 16, 17, 21, 19, 22, 12, 18, 23, 24, 25, 26, 27, 0}
wcct_b: {0, 0, 0, 0, 1, 1, 1, 0, 1, 0, 1, 1, 1, 0, 1, 0, 1, 1, 0, 0}
wcct_s: {0, 0, 0, 0, 4, 4, 4, 0, 4, 0, 4, 4, 4, 0, 4, 0, 4, 4, 0, 0}
R-order: {1, 7, 9, 20, 13, 15, 21, 2, 10, 3, 12, 4, 14, 5, 16, 6, 19, 18, 8, 22, 11, 17, 23, 24, 25, 26, 27, 0}
wcct_r: {0, 0, 0, 0, 0, 0, 0, 0, 0, 0, 0, 0, 0, 0, 0, 0, 0, 0, 0, 0}
----------------------------------------
*** Solution number: 16 after 305 s ***
----------------------------------------
Proc: {0, 0, 0, 0, 0, 0, 0, 1, 1, 1, 1, 1, 1, 2, 2, 2, 4, 4, 3, 3}
proc mode: {0, 1, 0, 0, 1, 0, 0, 0}
Latency: {8089}
Period: {2996}
Procs used: 5
Proc_period: {2996, 2996, 2996, [1..2147483646], [1..2147483646], [1..2147483646], [1..2147483646], [1..2147483646]}
Proc utilization: {984, 711, 1000, 284, 720, 0, 0, 0}
Sys utilization: 462
ProcsUsed utilization: 739
proc power: {9850, 4272, 10000, 2840, 4320, 0, 0, 0}
sys power: 31282
proc area: {10, 8, 10, 10, 8, 12, 12, 12}
sys area: 82
proc cost: {10, 8, 10, 10, 8, 12, 12, 12}
sys cost: 82
Next: 1 2 3 4 5 6 16 8 9 10 11 12 17 14 15 18 || 7 13 19 20 21 22 23 0 
TDMA slots: {1, 1, 0, 0, 0, 0, 0, 0}
S-order: {1, 2, 3, 4, 5, 6, 7, 8, 9, 10, 11, 20, 13, 14, 15, 16, 17, 21, 19, 22, 12, 18, 23, 24, 25, 26, 27, 0}
wcct_b: {0, 0, 0, 0, 1, 1, 1, 0, 1, 0, 1, 1, 1, 0, 1, 0, 1, 1, 0, 0}
wcct_s: {0, 0, 0, 0, 4, 4, 4, 0, 4, 0, 4, 4, 4, 0, 4, 0, 4, 4, 0, 0}
R-order: {1, 7, 9, 20, 13, 15, 21, 2, 10, 3, 12, 4, 14, 5, 16, 6, 19, 18, 8, 22, 11, 17, 23, 24, 25, 26, 27, 0}
wcct_r: {0, 0, 0, 0, 0, 0, 0, 0, 0, 0, 0, 0, 0, 0, 0, 0, 0, 0, 0, 0}
----------------------------------------
*** Solution number: 17 after 305 s ***
----------------------------------------
Proc: {0, 0, 0, 0, 0, 0, 0, 1, 1, 1, 1, 1, 1, 2, 2, 2, 4, 4, 3, 4}
proc mode: {0, 1, 0, 0, 1, 0, 0, 0}
Latency: {8089}
Period: {2996}
Procs used: 5
Proc_period: {2996, 2996, 2996, [1..2147483646], [1..2147483646], [1..2147483646], [1..2147483646], [1..2147483646]}
Proc utilization: {984, 711, 1000, 142, 891, 0, 0, 0}
Sys utilization: 466
ProcsUsed utilization: 745
proc power: {9850, 4272, 10000, 1420, 5346, 0, 0, 0}
sys power: 30888
proc area: {10, 8, 10, 10, 8, 12, 12, 12}
sys area: 82
proc cost: {10, 8, 10, 10, 8, 12, 12, 12}
sys cost: 82
Next: 1 2 3 4 5 6 16 8 9 10 11 12 17 14 15 18 || 7 13 19 20 21 22 23 0 
TDMA slots: {1, 1, 0, 0, 0, 0, 0, 0}
S-order: {1, 2, 3, 4, 5, 6, 7, 8, 9, 10, 11, 20, 13, 14, 15, 16, 17, 21, 19, 22, 12, 18, 23, 24, 25, 26, 27, 0}
wcct_b: {0, 0, 0, 0, 1, 1, 1, 0, 1, 0, 1, 1, 1, 0, 1, 0, 1, 1, 0, 0}
wcct_s: {0, 0, 0, 0, 4, 4, 4, 0, 4, 0, 4, 4, 4, 0, 4, 0, 4, 4, 0, 0}
R-order: {1, 7, 9, 20, 13, 15, 21, 2, 10, 3, 12, 4, 14, 5, 16, 6, 19, 18, 8, 22, 11, 17, 23, 24, 25, 26, 27, 0}
wcct_r: {0, 0, 0, 0, 0, 0, 0, 0, 0, 0, 0, 0, 0, 0, 0, 0, 0, 0, 0, 0}
----------------------------------------
*** Solution number: 18 after 361 s ***
----------------------------------------
Proc: {0, 0, 0, 0, 0, 0, 0, 1, 1, 1, 1, 1, 1, 2, 2, 2, 4, 4, 4, 5}
proc mode: {0, 1, 0, 0, 1, 1, 0, 0}
Latency: {8089}
Period: {2996}
Procs used: 5
Proc_period: {2996, 2996, 2996, [1..2147483646], [1..2147483646], [1..2147483646], [1..2147483646], [1..2147483646]}
Proc utilization: {984, 711, 1000, 0, 891, 171, 0, 0}
Sys utilization: 469
ProcsUsed utilization: 751
proc power: {9850, 4272, 10000, 0, 5346, 1026, 0, 0}
sys power: 30494
proc area: {10, 8, 10, 10, 8, 8, 12, 12}
sys area: 78
proc cost: {10, 8, 10, 10, 8, 8, 12, 12}
sys cost: 78
Next: 1 2 3 4 5 6 16 8 9 10 11 12 17 14 15 18 || 7 13 19 20 21 22 23 0 
TDMA slots: {1, 1, 0, 0, 0, 0, 0, 0}
S-order: {1, 2, 3, 4, 5, 6, 7, 8, 9, 10, 11, 20, 13, 14, 15, 16, 17, 21, 19, 22, 12, 18, 23, 24, 25, 26, 27, 0}
wcct_b: {0, 0, 0, 0, 1, 1, 1, 0, 1, 0, 1, 1, 1, 0, 1, 0, 1, 1, 0, 0}
wcct_s: {0, 0, 0, 0, 4, 4, 4, 0, 4, 0, 4, 4, 4, 0, 4, 0, 4, 4, 0, 0}
R-order: {1, 7, 9, 20, 13, 15, 21, 2, 10, 3, 12, 4, 14, 5, 16, 6, 19, 18, 8, 22, 11, 17, 23, 24, 25, 26, 27, 0}
wcct_r: {0, 0, 0, 0, 0, 0, 0, 0, 0, 0, 0, 0, 0, 0, 0, 0, 0, 0, 0, 0}
----------------------------------------
*** Solution number: 19 after 557 s ***
----------------------------------------
Proc: {0, 0, 0, 0, 0, 0, 0, 1, 1, 1, 1, 1, 1, 1, 3, 2, 4, 4, 4, 5}
proc mode: {0, 1, 1, 0, 1, 1, 0, 0}
Latency: {8189}
Period: {2950}
Procs used: 6
Proc_period: {2950, 2950, 2950, 2950, [1..2147483646], [1..2147483646], [1..2147483646], [1..2147483646]}
Proc utilization: {1000, 861, 53, 855, 891, 171, 0, 0}
Sys utilization: 478
ProcsUsed utilization: 638
proc power: {10000, 5172, 324, 8560, 5346, 1026, 0, 0}
sys power: 30428
proc area: {10, 8, 8, 10, 8, 8, 12, 12}
sys area: 76
proc cost: {10, 8, 8, 10, 8, 8, 12, 12}
sys cost: 76
Next: 1 2 3 4 5 6 16 8 9 10 11 12 13 17 19 18 || 7 15 14 20 21 22 23 0 
TDMA slots: {1, 1, 0, 1, 0, 0, 0, 0}
S-order: {1, 2, 3, 4, 5, 6, 7, 8, 9, 10, 11, 20, 13, 14, 15, 16, 17, 18, 21, 23, 12, 22, 19, 24, 25, 26, 27, 0}
wcct_b: {0, 0, 0, 0, 1, 1, 1, 0, 1, 0, 1, 1, 1, 0, 1, 0, 1, 0, 1, 1}
wcct_s: {0, 0, 0, 0, 4, 4, 4, 0, 4, 0, 4, 4, 4, 0, 4, 0, 4, 0, 4, 4}
R-order: {1, 7, 9, 20, 13, 15, 17, 2, 10, 3, 12, 4, 14, 5, 16, 6, 18, 21, 23, 22, 11, 19, 8, 24, 25, 26, 27, 0}
wcct_r: {0, 0, 0, 0, 0, 0, 0, 0, 0, 0, 0, 0, 0, 0, 0, 0, 0, 0, 0, 0}
----------------------------------------
