
 
*** 
===== search ended after: 3 s (3051 ms) =====
6 solutions found
search nodes: 302, fail: 72, propagate: 8363839, depth: 52, nogoods: 0 ***
*** Solution number: 6, after 3050 ms, search nodes: 302, fail: 72, propagate: 8363839, depth: 52, nogoods: 0 ***
----------------------------------------
Proc: {0, 4, 5, 1, 1, 2, 2, 2, 2, 2, 3, 3, 6, 6, 6, 6, 6, 6, 6, 6, 6, 6, 6, 6, 6, 6, 6, 6}
proc mode: {0, 0, 0, 0, 0, 0, 0, 0}
Latency: {1497, 963, 5411}
Period: {824, 623, 5411}
Procs used: 7
Proc_period: {824, 824, 623, 623, 824, 824, 5411, [1..2147483646]}
Proc utilization: {18, 57, 1000, 524, 1000, 708, 1000, 0}
Sys utilization: 538
ProcsUsed utilization: 615
proc power: {190, 580, 10000, 5250, 20000, 14180, 20000, 0}
sys power: 70200
least_power_est: 100146
proc area: {16, 16, 16, 16, 32, 32, 32, 32}
sys area: 192
proc cost: {16, 16, 16, 16, 32, 32, 32, 32}
sys cost: 192
Next: 28 32 33 4 29 6 7 8 9 30 11 31 13 14 15 16 17 18 19 20 21 22 23 24 25 26 27 34 || 3 5 10 1 2 12 35 0 
Rank: 0 1 2 3 4 0 1 2 3 4 5 6 0 1 2 3 4 5 6 7 8 9 10 11 12 13 14 15 
TDMA slots: {1, 0, 1, 0, 1, 1, 0, 0}
S-order: {33, 37, 38, 34, 5, 6, 7, 8, 10, 11, 9, 35, 36, 14, 15, 16, 17, 18, 19, 20, 21, 22, 23, 24, 25, 26, 27, 28, 29, 30, 31, 32, 39, 3, 4, 12, 1, 2, 13, 40, 0}
wcct_b: {1, 1, 1, 0, 0, 0, 1, 0, 0, 1, 0, 1, 0, 0, 0, 0, 0, 0, 0, 0, 0, 0, 0, 0, 0, 0, 0, 0, 0, 0, 0, 0, 0}
wcct_s: {4, 8, 12, 0, 0, 0, 4, 0, 0, 4, 0, 12, 0, 0, 0, 0, 0, 0, 0, 0, 0, 0, 0, 0, 0, 0, 0, 0, 0, 0, 0, 0, 0}
R-order: {37, 38, 3, 34, 7, 10, 36, 8, 5, 11, 35, 12, 6, 14, 20, 22, 24, 26, 28, 30, 15, 23, 16, 25, 17, 27, 18, 29, 19, 31, 21, 32, 39, 2, 4, 9, 0, 1, 13, 40, 33}
wcct_r: {0, 0, 0, 0, 0, 0, 0, 0, 0, 0, 0, 0, 0, 0, 0, 0, 0, 0, 0, 0, 0, 0, 0, 0, 0, 0, 0, 0, 0, 0, 0, 0, 0}
----------------------------------------
