~~~~~ *** BEGIN OF PRESOLVER SOLUTIONS *** ~~~~~
Pre-solution 1----------
----------------------------------------
Proc: {1, 0, 0, 1, 0, 0, 0, 0, 1, 0, 0, 0, 0, 0, 0, 0, 0, 0, 0, 0, 0, 0, 0, 0, 0}
proc mode: {0, 0}
Latency: {2749, 2081, 9933}
Period: {9933, 9933, 9933}
Procs used: 2
Proc_period: {9933, 9933}
Proc utilization: {1000, 46}
Sys utilization: 523
ProcsUsed utilization: 523
proc power: {10000, 470}
sys power: 10470
least_power_est: 18702
proc area: {16, 16}
sys area: 32
proc cost: {16, 16}
sys cost: 32
Next: 3 2 10 26 5 6 7 9 0 1 11 12 13 14 15 16 17 18 19 20 21 22 23 24 25 || 8 4 
Rank: 5 6 7 8 0 1 2 3 4 4 8 9 10 11 12 13 14 15 16 17 18 19 20 21 22 
TDMA slots: {1, 1}
S-order: {1, 29, 3, 9, 5, 6, 7, 8, 2, 10, 11, 12, 13, 14, 15, 16, 17, 18, 19, 20, 21, 22, 23, 24, 25, 26, 27, 28, 0, 4}
wcct_b: {1, 1, 1, 1, 0, 0, 0, 1, 0, 0, 0, 0, 0, 0, 0, 0, 0, 0, 0, 0, 0, 0, 0, 0, 0, 0, 0, 0}
wcct_s: {2, 2, 1, 1, 0, 0, 0, 8, 0, 0, 0, 0, 0, 0, 0, 0, 0, 0, 0, 0, 0, 0, 0, 0, 0, 0, 0, 0}
R-order: {1, 8, 3, 29, 5, 6, 0, 2, 9, 15, 17, 19, 21, 23, 25, 10, 18, 11, 20, 12, 22, 13, 24, 14, 26, 16, 27, 28, 7, 4}
wcct_r: {0, 0, 0, 0, 0, 0, 0, 0, 0, 0, 0, 0, 0, 0, 0, 0, 0, 0, 0, 0, 0, 0, 0, 0, 0, 0, 0, 0}
----------------------------------------
------------------------------

Pre-solution 2----------
----------------------------------------
Proc: {1, 0, 0, 1, 0, 0, 0, 0, 1, 0, 0, 0, 0, 0, 0, 0, 0, 0, 0, 0, 0, 0, 0, 0, 0}
proc mode: {0, 0}
Latency: {2749, 2081, 9933}
Period: {9933, 9933, 9933}
Procs used: 2
Proc_period: {9933, 9933}
Proc utilization: {1000, 46}
Sys utilization: 523
ProcsUsed utilization: 523
proc power: {10000, 470}
sys power: 10470
least_power_est: 18702
proc area: {16, 16}
sys area: 32
proc cost: {16, 16}
sys cost: 32
Next: 3 2 10 26 5 6 7 9 0 1 11 12 13 14 15 16 17 18 19 20 21 22 23 24 25 || 8 4 
Rank: 5 6 7 8 0 1 2 3 4 4 8 9 10 11 12 13 14 15 16 17 18 19 20 21 22 
TDMA slots: {1, 1}
S-order: {1, 29, 3, 9, 5, 6, 7, 8, 2, 10, 11, 12, 13, 14, 15, 16, 17, 18, 19, 20, 21, 22, 23, 24, 25, 26, 27, 28, 0, 4}
wcct_b: {1, 1, 1, 1, 0, 0, 0, 1, 0, 0, 0, 0, 0, 0, 0, 0, 0, 0, 0, 0, 0, 0, 0, 0, 0, 0, 0, 0}
wcct_s: {2, 2, 1, 1, 0, 0, 0, 8, 0, 0, 0, 0, 0, 0, 0, 0, 0, 0, 0, 0, 0, 0, 0, 0, 0, 0, 0, 0}
R-order: {1, 8, 3, 29, 5, 6, 0, 2, 9, 15, 17, 19, 21, 23, 25, 10, 18, 11, 20, 12, 22, 13, 24, 14, 26, 16, 27, 28, 7, 4}
wcct_r: {0, 0, 0, 0, 0, 0, 0, 0, 0, 0, 0, 0, 0, 0, 0, 0, 0, 0, 0, 0, 0, 0, 0, 0, 0, 0, 0, 0}
----------------------------------------
------------------------------

Pre-solution 3----------
----------------------------------------
Proc: {1, 0, 0, 1, 0, 0, 0, 0, 1, 0, 0, 0, 0, 0, 0, 0, 0, 0, 0, 0, 0, 0, 0, 0, 0}
proc mode: {0, 0}
Latency: {2749, 2081, 9933}
Period: {9933, 9933, 9933}
Procs used: 2
Proc_period: {9933, 9933}
Proc utilization: {1000, 46}
Sys utilization: 523
ProcsUsed utilization: 523
proc power: {10000, 470}
sys power: 10470
least_power_est: 18702
proc area: {16, 16}
sys area: 32
proc cost: {16, 16}
sys cost: 32
Next: 3 2 10 26 5 6 7 9 0 1 11 12 13 14 15 16 17 18 19 20 21 22 23 24 25 || 8 4 
Rank: 5 6 7 8 0 1 2 3 4 4 8 9 10 11 12 13 14 15 16 17 18 19 20 21 22 
TDMA slots: {1, 1}
S-order: {1, 29, 3, 9, 5, 6, 7, 8, 2, 10, 11, 12, 13, 14, 15, 16, 17, 18, 19, 20, 21, 22, 23, 24, 25, 26, 27, 28, 0, 4}
wcct_b: {1, 1, 1, 1, 0, 0, 0, 1, 0, 0, 0, 0, 0, 0, 0, 0, 0, 0, 0, 0, 0, 0, 0, 0, 0, 0, 0, 0}
wcct_s: {2, 2, 1, 1, 0, 0, 0, 8, 0, 0, 0, 0, 0, 0, 0, 0, 0, 0, 0, 0, 0, 0, 0, 0, 0, 0, 0, 0}
R-order: {1, 8, 3, 29, 5, 6, 0, 2, 9, 15, 17, 19, 21, 23, 25, 10, 18, 11, 20, 12, 22, 13, 24, 14, 26, 16, 27, 28, 7, 4}
wcct_r: {0, 0, 0, 0, 0, 0, 0, 0, 0, 0, 0, 0, 0, 0, 0, 0, 0, 0, 0, 0, 0, 0, 0, 0, 0, 0, 0, 0}
----------------------------------------
------------------------------

Pre-solution 4----------
----------------------------------------
Proc: {1, 0, 0, 1, 0, 0, 0, 0, 1, 0, 0, 0, 0, 0, 0, 0, 0, 0, 0, 0, 0, 0, 0, 0, 0}
proc mode: {0, 0}
Latency: {2749, 2081, 9933}
Period: {9933, 9933, 9933}
Procs used: 2
Proc_period: {9933, 9933}
Proc utilization: {1000, 46}
Sys utilization: 523
ProcsUsed utilization: 523
proc power: {10000, 470}
sys power: 10470
least_power_est: 18702
proc area: {16, 16}
sys area: 32
proc cost: {16, 16}
sys cost: 32
Next: 3 2 10 26 5 6 7 9 0 1 11 12 13 14 15 16 17 18 19 20 21 22 23 24 25 || 8 4 
Rank: 5 6 7 8 0 1 2 3 4 4 8 9 10 11 12 13 14 15 16 17 18 19 20 21 22 
TDMA slots: {1, 1}
S-order: {1, 29, 3, 9, 5, 6, 7, 8, 2, 10, 11, 12, 13, 14, 15, 16, 17, 18, 19, 20, 21, 22, 23, 24, 25, 26, 27, 28, 0, 4}
wcct_b: {1, 1, 1, 1, 0, 0, 0, 1, 0, 0, 0, 0, 0, 0, 0, 0, 0, 0, 0, 0, 0, 0, 0, 0, 0, 0, 0, 0}
wcct_s: {2, 2, 1, 1, 0, 0, 0, 8, 0, 0, 0, 0, 0, 0, 0, 0, 0, 0, 0, 0, 0, 0, 0, 0, 0, 0, 0, 0}
R-order: {1, 8, 3, 29, 5, 6, 0, 2, 9, 15, 17, 19, 21, 23, 25, 10, 18, 11, 20, 12, 22, 13, 24, 14, 26, 16, 27, 28, 7, 4}
wcct_r: {0, 0, 0, 0, 0, 0, 0, 0, 0, 0, 0, 0, 0, 0, 0, 0, 0, 0, 0, 0, 0, 0, 0, 0, 0, 0, 0, 0}
----------------------------------------
------------------------------

Pre-solution 5----------
----------------------------------------
Proc: {1, 0, 0, 1, 0, 0, 0, 0, 1, 0, 0, 0, 0, 0, 0, 0, 0, 0, 0, 0, 0, 0, 0, 0, 0}
proc mode: {0, 0}
Latency: {2749, 2081, 9933}
Period: {9933, 9933, 9933}
Procs used: 2
Proc_period: {9933, 9933}
Proc utilization: {1000, 46}
Sys utilization: 523
ProcsUsed utilization: 523
proc power: {10000, 470}
sys power: 10470
least_power_est: 18702
proc area: {16, 16}
sys area: 32
proc cost: {16, 16}
sys cost: 32
Next: 3 2 10 26 5 6 7 9 0 1 11 12 13 14 15 16 17 18 19 20 21 22 23 24 25 || 8 4 
Rank: 5 6 7 8 0 1 2 3 4 4 8 9 10 11 12 13 14 15 16 17 18 19 20 21 22 
TDMA slots: {1, 1}
S-order: {1, 29, 3, 9, 5, 6, 7, 8, 2, 10, 11, 12, 13, 14, 15, 16, 17, 18, 19, 20, 21, 22, 23, 24, 25, 26, 27, 28, 0, 4}
wcct_b: {1, 1, 1, 1, 0, 0, 0, 1, 0, 0, 0, 0, 0, 0, 0, 0, 0, 0, 0, 0, 0, 0, 0, 0, 0, 0, 0, 0}
wcct_s: {2, 2, 1, 1, 0, 0, 0, 8, 0, 0, 0, 0, 0, 0, 0, 0, 0, 0, 0, 0, 0, 0, 0, 0, 0, 0, 0, 0}
R-order: {1, 8, 3, 29, 5, 6, 0, 2, 9, 15, 17, 19, 21, 23, 25, 10, 18, 11, 20, 12, 22, 13, 24, 14, 26, 16, 27, 28, 7, 4}
wcct_r: {0, 0, 0, 0, 0, 0, 0, 0, 0, 0, 0, 0, 0, 0, 0, 0, 0, 0, 0, 0, 0, 0, 0, 0, 0, 0, 0, 0}
----------------------------------------
------------------------------

Pre-solution 6----------
----------------------------------------
Proc: {1, 0, 1, 0, 0, 0, 0, 0, 1, 0, 0, 0, 0, 0, 0, 0, 0, 0, 0, 0, 0, 0, 0, 0, 0}
proc mode: {0, 0}
Latency: {2670, 2081, 9979}
Period: {9979, 9979, 9979}
Procs used: 2
Proc_period: {9979, 9979}
Proc utilization: {1000, 41}
Sys utilization: 520
ProcsUsed utilization: 520
proc power: {10000, 420}
sys power: 10420
least_power_est: 18702
proc area: {16, 16}
sys area: 32
proc cost: {16, 16}
sys cost: 32
Next: 2 3 26 10 5 6 7 9 0 1 11 12 13 14 15 16 17 18 19 20 21 22 23 24 25 || 8 4 
Rank: 5 6 6 7 0 1 2 3 4 4 8 9 10 11 12 13 14 15 16 17 18 19 20 21 22 
TDMA slots: {1, 1}
S-order: {3, 0, 9, 29, 5, 6, 7, 8, 2, 10, 11, 12, 13, 14, 15, 16, 17, 18, 19, 20, 21, 22, 23, 24, 25, 26, 27, 28, 1, 4}
wcct_b: {1, 0, 0, 1, 0, 0, 0, 1, 0, 0, 0, 0, 0, 0, 0, 0, 0, 0, 0, 0, 0, 0, 0, 0, 0, 0, 0, 0}
wcct_s: {2, 0, 0, 1, 0, 0, 0, 8, 0, 0, 0, 0, 0, 0, 0, 0, 0, 0, 0, 0, 0, 0, 0, 0, 0, 0, 0, 0}
R-order: {2, 29, 3, 8, 5, 6, 0, 1, 9, 15, 17, 19, 21, 23, 25, 10, 18, 11, 20, 12, 22, 13, 24, 14, 26, 16, 27, 28, 7, 4}
wcct_r: {0, 0, 0, 0, 0, 0, 0, 0, 0, 0, 0, 0, 0, 0, 0, 0, 0, 0, 0, 0, 0, 0, 0, 0, 0, 0, 0, 0}
----------------------------------------
------------------------------

Pre-solution 7----------
----------------------------------------
Proc: {1, 0, 0, 1, 0, 0, 0, 0, 1, 0, 0, 0, 0, 0, 0, 0, 0, 0, 0, 0, 0, 0, 0, 0, 0}
proc mode: {0, 0}
Latency: {2749, 2081, 9933}
Period: {9933, 9933, 9933}
Procs used: 2
Proc_period: {9933, 9933}
Proc utilization: {1000, 46}
Sys utilization: 523
ProcsUsed utilization: 523
proc power: {10000, 470}
sys power: 10470
least_power_est: 18702
proc area: {16, 16}
sys area: 32
proc cost: {16, 16}
sys cost: 32
Next: 3 2 10 26 5 6 7 9 0 1 11 12 13 14 15 16 17 18 19 20 21 22 23 24 25 || 8 4 
Rank: 5 6 7 8 0 1 2 3 4 4 8 9 10 11 12 13 14 15 16 17 18 19 20 21 22 
TDMA slots: {1, 1}
S-order: {1, 29, 3, 9, 5, 6, 7, 8, 2, 10, 11, 12, 13, 14, 15, 16, 17, 18, 19, 20, 21, 22, 23, 24, 25, 26, 27, 28, 0, 4}
wcct_b: {1, 1, 1, 1, 0, 0, 0, 1, 0, 0, 0, 0, 0, 0, 0, 0, 0, 0, 0, 0, 0, 0, 0, 0, 0, 0, 0, 0}
wcct_s: {2, 2, 1, 1, 0, 0, 0, 8, 0, 0, 0, 0, 0, 0, 0, 0, 0, 0, 0, 0, 0, 0, 0, 0, 0, 0, 0, 0}
R-order: {1, 8, 3, 29, 5, 6, 0, 2, 9, 15, 17, 19, 21, 23, 25, 10, 18, 11, 20, 12, 22, 13, 24, 14, 26, 16, 27, 28, 7, 4}
wcct_r: {0, 0, 0, 0, 0, 0, 0, 0, 0, 0, 0, 0, 0, 0, 0, 0, 0, 0, 0, 0, 0, 0, 0, 0, 0, 0, 0, 0}
----------------------------------------
------------------------------

Pre-solution 8----------
----------------------------------------
Proc: {1, 0, 0, 1, 0, 0, 0, 0, 1, 0, 0, 0, 0, 0, 0, 0, 0, 0, 0, 0, 0, 0, 0, 0, 0}
proc mode: {0, 0}
Latency: {2749, 2081, 9933}
Period: {9933, 9933, 9933}
Procs used: 2
Proc_period: {9933, 9933}
Proc utilization: {1000, 46}
Sys utilization: 523
ProcsUsed utilization: 523
proc power: {10000, 470}
sys power: 10470
least_power_est: 18702
proc area: {16, 16}
sys area: 32
proc cost: {16, 16}
sys cost: 32
Next: 3 2 10 26 5 6 7 9 0 1 11 12 13 14 15 16 17 18 19 20 21 22 23 24 25 || 8 4 
Rank: 5 6 7 8 0 1 2 3 4 4 8 9 10 11 12 13 14 15 16 17 18 19 20 21 22 
TDMA slots: {1, 1}
S-order: {1, 29, 3, 9, 5, 6, 7, 8, 2, 10, 11, 12, 13, 14, 15, 16, 17, 18, 19, 20, 21, 22, 23, 24, 25, 26, 27, 28, 0, 4}
wcct_b: {1, 1, 1, 1, 0, 0, 0, 1, 0, 0, 0, 0, 0, 0, 0, 0, 0, 0, 0, 0, 0, 0, 0, 0, 0, 0, 0, 0}
wcct_s: {2, 2, 1, 1, 0, 0, 0, 8, 0, 0, 0, 0, 0, 0, 0, 0, 0, 0, 0, 0, 0, 0, 0, 0, 0, 0, 0, 0}
R-order: {1, 8, 3, 29, 5, 6, 0, 2, 9, 15, 17, 19, 21, 23, 25, 10, 18, 11, 20, 12, 22, 13, 24, 14, 26, 16, 27, 28, 7, 4}
wcct_r: {0, 0, 0, 0, 0, 0, 0, 0, 0, 0, 0, 0, 0, 0, 0, 0, 0, 0, 0, 0, 0, 0, 0, 0, 0, 0, 0, 0}
----------------------------------------
------------------------------

Pre-solution 9----------
----------------------------------------
Proc: {1, 0, 0, 1, 0, 0, 0, 0, 1, 0, 0, 0, 0, 0, 0, 0, 0, 0, 0, 0, 0, 0, 0, 0, 0}
proc mode: {0, 0}
Latency: {2749, 2081, 9933}
Period: {9933, 9933, 9933}
Procs used: 2
Proc_period: {9933, 9933}
Proc utilization: {1000, 46}
Sys utilization: 523
ProcsUsed utilization: 523
proc power: {10000, 470}
sys power: 10470
least_power_est: 18702
proc area: {16, 16}
sys area: 32
proc cost: {16, 16}
sys cost: 32
Next: 3 2 10 26 5 6 7 9 0 1 11 12 13 14 15 16 17 18 19 20 21 22 23 24 25 || 8 4 
Rank: 5 6 7 8 0 1 2 3 4 4 8 9 10 11 12 13 14 15 16 17 18 19 20 21 22 
TDMA slots: {1, 1}
S-order: {1, 29, 3, 9, 5, 6, 7, 8, 2, 10, 11, 12, 13, 14, 15, 16, 17, 18, 19, 20, 21, 22, 23, 24, 25, 26, 27, 28, 0, 4}
wcct_b: {1, 1, 1, 1, 0, 0, 0, 1, 0, 0, 0, 0, 0, 0, 0, 0, 0, 0, 0, 0, 0, 0, 0, 0, 0, 0, 0, 0}
wcct_s: {2, 2, 1, 1, 0, 0, 0, 8, 0, 0, 0, 0, 0, 0, 0, 0, 0, 0, 0, 0, 0, 0, 0, 0, 0, 0, 0, 0}
R-order: {1, 8, 3, 29, 5, 6, 0, 2, 9, 15, 17, 19, 21, 23, 25, 10, 18, 11, 20, 12, 22, 13, 24, 14, 26, 16, 27, 28, 7, 4}
wcct_r: {0, 0, 0, 0, 0, 0, 0, 0, 0, 0, 0, 0, 0, 0, 0, 0, 0, 0, 0, 0, 0, 0, 0, 0, 0, 0, 0, 0}
----------------------------------------
------------------------------

Pre-solution 10----------
----------------------------------------
Proc: {1, 0, 0, 1, 0, 0, 0, 0, 1, 0, 0, 0, 0, 0, 0, 0, 0, 0, 0, 0, 0, 0, 0, 0, 0}
proc mode: {0, 0}
Latency: {2749, 2081, 9933}
Period: {9933, 9933, 9933}
Procs used: 2
Proc_period: {9933, 9933}
Proc utilization: {1000, 46}
Sys utilization: 523
ProcsUsed utilization: 523
proc power: {10000, 470}
sys power: 10470
least_power_est: 18702
proc area: {16, 16}
sys area: 32
proc cost: {16, 16}
sys cost: 32
Next: 3 2 10 26 5 6 7 9 0 1 11 12 13 14 15 16 17 18 19 20 21 22 23 24 25 || 8 4 
Rank: 5 6 7 8 0 1 2 3 4 4 8 9 10 11 12 13 14 15 16 17 18 19 20 21 22 
TDMA slots: {1, 1}
S-order: {1, 29, 3, 9, 5, 6, 7, 8, 2, 10, 11, 12, 13, 14, 15, 16, 17, 18, 19, 20, 21, 22, 23, 24, 25, 26, 27, 28, 0, 4}
wcct_b: {1, 1, 1, 1, 0, 0, 0, 1, 0, 0, 0, 0, 0, 0, 0, 0, 0, 0, 0, 0, 0, 0, 0, 0, 0, 0, 0, 0}
wcct_s: {2, 2, 1, 1, 0, 0, 0, 8, 0, 0, 0, 0, 0, 0, 0, 0, 0, 0, 0, 0, 0, 0, 0, 0, 0, 0, 0, 0}
R-order: {1, 8, 3, 29, 5, 6, 0, 2, 9, 15, 17, 19, 21, 23, 25, 10, 18, 11, 20, 12, 22, 13, 24, 14, 26, 16, 27, 28, 7, 4}
wcct_r: {0, 0, 0, 0, 0, 0, 0, 0, 0, 0, 0, 0, 0, 0, 0, 0, 0, 0, 0, 0, 0, 0, 0, 0, 0, 0, 0, 0}
----------------------------------------
------------------------------

~~~~~ *** END OF PRESOLVER SOLUTIONS *** ~~~~~
