
 
*** 
===== search ended after: 5 s (5026 ms) =====
5 solutions found
search nodes: 2075, fail: 1026, propagate: 23768465, depth: 34, nogoods: 0 ***
*** Solution number: 5, after 5024 ms, search nodes: 2075, fail: 1026, propagate: 23768465, depth: 34, nogoods: 0 ***
----------------------------------------
Proc: {4, 0, 0, 1, 2, 2, 2, 2, 2, 2, 2, 2, 2, 2, 2, 2, 2, 2, 3, 3}
proc mode: {0, 0, 0, 0, 0, 0, 0, 0}
Latency: {[0..2147483646], [0..2147483646]}
Period: {224, 5066}
Procs used: 5
Proc_period: {224, 224, 5066, 5066, 224, [1..2147483646], [1..2147483646], [1..2147483646]}
Proc utilization: {687, 549, 1000, 524, 1000, 0, 0, 0}
Sys utilization: 470
ProcsUsed utilization: 752
proc power: {6880, 5500, 10000, 5250, 20000, 0, 0, 0}
sys power: 47630
least_power_est: 75960
proc area: {16, 16, 16, 16, 32, 32, 32, 32}
sys area: 192
proc cost: {16, 16, 16, 16, 32, 32, 32, 32}
sys cost: 192
Next: 24 2 20 21 5 6 7 8 9 10 11 12 13 14 15 16 17 22 19 23 || 3 4 18 0 25 26 27 1 
Rank: 0 1 2 3 0 1 2 3 4 5 6 7 8 9 10 11 12 13 14 15 
TDMA slots: {1, 0, 1, 0, 1, 0, 0, 0}
S-order: {1, 28, 3, 24, 5, 6, 7, 8, 9, 10, 11, 12, 13, 14, 15, 16, 17, 18, 19, 20, 21, 22, 26, 27, 25, 4, 23, 0, 29, 30, 31, 2}
wcct_b: {1, 1, 1, 1, 0, 0, 0, 0, 0, 0, 0, 0, 1, 0, 1, 0, 1, 0, 1, 0, 1, 0, 1, 0}
wcct_s: {2, 2, 1, 1, 0, 0, 0, 0, 0, 0, 0, 0, 4, 0, 4, 0, 4, 0, 4, 0, 4, 0, 4, 0}
R-order: {1, 24, 3, 25, 5, 11, 13, 15, 17, 19, 21, 6, 14, 7, 16, 8, 18, 9, 20, 10, 22, 26, 23, 27, 2, 4, 12, 28, 29, 30, 31, 0}
wcct_r: {0, 0, 0, 0, 0, 0, 0, 0, 0, 0, 0, 0, 0, 0, 0, 0, 0, 0, 0, 0, 0, 0, 0, 0}
----------------------------------------
