
 
*** 
===== search ended after: 6890 s (6890313 ms) =====
33093336 solutions found
search nodes: 119235, fail: 1433, propagate: 212912311, depth: 37, nogoods: 0 ***
*** Solution number: 33093336, after 6887752 ms, search nodes: 119235, fail: 1433, propagate: 212912311, depth: 37, nogoods: 0 ***
----------------------------------------
Proc: {0, 5, 5, 1, 4, 4, 2, 2, 2, 5, 5, 5, 5, 0, 1, 1, 3, 3, 3, 3, 3, 3, 3, 3}
proc mode: {0, 0, 1, 0, 1, 0}
Latency: {[0..2147483646], [0..2147483646], [0..2147483646], [0..2147483646]}
Period: {470, 1074, 470, 9499}
Procs used: 6
Proc_period: {470, 470, 1074, 9499, 1074, 470}
Proc utilization: {910, 957, 984, 1000, 1000, 1000}
Sys utilization: 975
ProcsUsed utilization: 975
proc power: {9110, 9580, 5910, 10000, 12000, 20000}
sys power: 66600
least_power_est: 231006
proc area: {16, 16, 8, 16, 16, 32}
sys area: 104
proc cost: {16, 16, 8, 16, 16, 32}
sys cost: 104
Next: 13 29 1 14 5 28 7 8 26 10 11 12 2 24 15 25 21 20 19 17 16 22 23 27 || 3 6 18 4 9 0 
Rank: 0 5 4 6 0 1 2 3 4 0 1 2 3 4 7 8 4 2 0 1 3 5 6 7 
TDMA slots: {4, 0, 0, 0, 1, 1}
S-order: {15, 0, 33, 2, 5, 32, 7, 30, 9, 10, 11, 12, 14, 3, 13, 28, 29, 25, 19, 24, 22, 20, 23, 18, 17, 26, 27, 31, 16, 6, 21, 4, 8, 1}
wcct_b: {1, 1, 1, 1, 0, 1, 0, 0, 0, 1, 1, 0, 0, 1, 1, 1, 0, 0, 0, 0, 0, 0, 0, 0, 0, 0, 0, 0}
wcct_s: {1, 1, 1, 1, 0, 8, 0, 0, 0, 4, 4, 0, 0, 4, 8, 3, 0, 0, 0, 0, 0, 0, 0, 0, 0, 0, 0, 0}
R-order: {33, 0, 13, 2, 32, 6, 7, 30, 11, 14, 29, 12, 1, 15, 28, 16, 10, 19, 24, 26, 22, 25, 23, 18, 17, 20, 27, 31, 3, 5, 21, 4, 8, 9}
wcct_r: {0, 0, 0, 0, 0, 0, 0, 0, 0, 0, 0, 0, 0, 0, 0, 0, 0, 0, 0, 0, 0, 0, 0, 0, 0, 0, 0, 0}
----------------------------------------
