
 
*** 
===== search ended after: 43199 s (43199966 ms) due to time-out! =====
10853519 solutions found
search nodes: 11211388, fail: 526360, propagate: 15452076589, depth: 44, nogoods: 0 ***
*** Solution number: 10853519, after 43199966 ms, search nodes: 11211388, fail: 526360, propagate: 15452076589, depth: 44, nogoods: 0 ***
----------------------------------------
Proc: {4, 2, 5, 5, 0, 0, 1, 1, 1, 2, 2, 2, 4, 5, 5, 5, 3, 3, 3, 3, 3, 3, 3, 3}
proc mode: {0, 1, 0, 0, 0, 0}
Latency: {854, 2252, 948, 9499}
Period: {484, 1192, 484, 9499}
Procs used: 6
Proc_period: {1192, 1192, 484, 9499, 484, 484}
Proc utilization: {1000, 886, 1000, 1000, 619, 923}
Sys utilization: 904
ProcsUsed utilization: 904
proc power: {10000, 5322, 10000, 10000, 12400, 18480}
sys power: 66202
least_power_est: 231006
proc area: {16, 8, 16, 16, 32, 32}
sys area: 120
proc cost: {16, 8, 16, 16, 32, 32}
sys cost: 120
Next: 12 26 14 15 5 24 7 8 25 10 11 1 28 2 3 29 18 19 17 20 21 22 23 27 || 6 9 16 0 13 4 
Rank: 0 3 5 7 0 1 2 3 4 0 1 2 3 4 6 8 0 2 1 3 4 5 6 7 
TDMA slots: {4, 0, 1, 0, 1, 0}
S-order: {14, 0, 30, 16, 5, 28, 7, 29, 9, 10, 11, 12, 2, 32, 13, 3, 33, 21, 19, 22, 18, 20, 23, 24, 25, 26, 27, 31, 6, 8, 17, 1, 15, 4}
wcct_b: {1, 1, 1, 0, 0, 1, 0, 0, 0, 1, 1, 0, 1, 1, 1, 0, 0, 0, 0, 0, 0, 0, 0, 0, 0, 0, 0, 0}
wcct_s: {2, 2, 1, 0, 0, 2, 0, 0, 0, 4, 4, 0, 8, 4, 8, 0, 0, 0, 0, 0, 0, 0, 0, 0, 0, 0, 0, 0}
R-order: {30, 15, 16, 2, 28, 6, 7, 29, 11, 1, 33, 0, 32, 3, 9, 13, 10, 18, 23, 26, 22, 20, 17, 24, 19, 21, 27, 31, 5, 8, 25, 12, 14, 4}
wcct_r: {0, 0, 0, 0, 0, 0, 0, 0, 0, 0, 0, 0, 0, 0, 0, 0, 0, 0, 0, 0, 0, 0, 0, 0, 0, 0, 0, 0}
----------------------------------------
