*** Solution number: 1 after 0 s ***
----------------------------------------
Proc: {2, 3, 3, 3, 4, 4, 4, 4, 4, 0, 0, 0, 0, 1, 1, 1, 5, 5, 5, 5, 5, 5, 6, 6, 6, 6}
proc mode: {0, 0, 1, 1, 0, 0, 0, 0}
Latency: {720, 1659, 1021}
Period: {384, 1659, 515}
Procs used: 7
Proc_period: {515, 515, 384, 384, 1659, [1..2147483646], [1..2147483646], [1..2147483646]}
Proc utilization: {1000, 965, 1000, 869, 1000, 998, 708, 0}
Sys utilization: 817
ProcsUsed utilization: 934
proc power: {10000, 9660, 6000, 5220, 14000, 13972, 9912, 0}
sys power: 68764
proc area: {10, 10, 8, 8, 12, 12, 12, 12}
sys area: 84
proc cost: {10, 10, 8, 8, 12, 12, 12, 12}
sys cost: 84
Next: 18 2 3 19 5 6 7 8 20 10 11 12 16 14 15 17 || 13 0 1 4 21 22 23 9 
TDMA slots: {1, 0, 1, 0, 0, 0, 0, 0}
S-order: {1, 19, 3, 20, 5, 6, 7, 21, 9, 10, 11, 12, 14, 17, 13, 16, 18, 15, 0, 2, 4, 22, 23, 24, 8}
wcct_b: {1, 1, 0, 0, 0, 0, 0, 0, 0, 1, 1, 0, 0, 1, 1, 0, 0}
wcct_s: {1, 1, 0, 0, 0, 0, 0, 0, 0, 4, 4, 0, 0, 4, 8, 0, 0}
R-order: {1, 2, 3, 20, 5, 6, 7, 21, 11, 14, 18, 12, 17, 16, 15, 13, 10, 9, 19, 0, 4, 22, 23, 24, 8}
wcct_r: {0, 0, 0, 0, 0, 0, 0, 0, 0, 0, 0, 0, 0, 0, 0, 0, 0}
----------------------------------------
*** Solution number: 2 after 3 s ***
----------------------------------------
Proc: {2, 3, 3, 3, 4, 4, 4, 4, 4, 0, 0, 0, 0, 1, 1, 1, 5, 5, 5, 5, 5, 5, 6, 6, 6, 7}
proc mode: {0, 0, 1, 1, 0, 0, 0, 1}
Latency: {720, 1659, 1021}
Period: {384, 1659, 515}
Procs used: 8
Proc_period: {515, 515, 384, 384, 1659, [1..2147483646], [1..2147483646], [1..2147483646]}
Proc utilization: {1000, 965, 1000, 869, 1000, 998, 594, 171}
Sys utilization: 824
ProcsUsed utilization: 824
proc power: {10000, 9660, 6000, 5220, 14000, 13972, 8316, 1026}
sys power: 68194
proc area: {10, 10, 8, 8, 12, 12, 12, 8}
sys area: 80
proc cost: {10, 10, 8, 8, 12, 12, 12, 8}
sys cost: 80
Next: 18 2 3 19 5 6 7 8 20 10 11 12 16 14 15 17 || 13 0 1 4 21 22 23 9 
TDMA slots: {1, 0, 1, 0, 0, 0, 0, 0}
S-order: {1, 19, 3, 20, 5, 6, 7, 21, 9, 10, 11, 12, 14, 17, 13, 16, 18, 15, 0, 2, 4, 22, 23, 24, 8}
wcct_b: {1, 1, 0, 0, 0, 0, 0, 0, 0, 1, 1, 0, 0, 1, 1, 0, 0}
wcct_s: {1, 1, 0, 0, 0, 0, 0, 0, 0, 4, 4, 0, 0, 4, 8, 0, 0}
R-order: {1, 2, 3, 20, 5, 6, 7, 21, 11, 14, 18, 12, 17, 16, 15, 13, 10, 9, 19, 0, 4, 22, 23, 24, 8}
wcct_r: {0, 0, 0, 0, 0, 0, 0, 0, 0, 0, 0, 0, 0, 0, 0, 0, 0}
----------------------------------------
*** Solution number: 3 after 3 s ***
----------------------------------------
Proc: {2, 3, 3, 3, 4, 4, 4, 4, 4, 0, 0, 0, 0, 1, 1, 1, 5, 5, 5, 5, 5, 5, 6, 6, 6, 7}
proc mode: {0, 0, 1, 1, 0, 0, 1, 0}
Latency: {720, 1659, 1021}
Period: {384, 1659, 515}
Procs used: 8
Proc_period: {515, 515, 384, 384, 1659, [1..2147483646], [1..2147483646], [1..2147483646]}
Proc utilization: {1000, 965, 1000, 869, 1000, 998, 891, 114}
Sys utilization: 854
ProcsUsed utilization: 854
proc power: {10000, 9660, 6000, 5220, 14000, 13972, 5346, 1596}
sys power: 65794
proc area: {10, 10, 8, 8, 12, 12, 8, 12}
sys area: 80
proc cost: {10, 10, 8, 8, 12, 12, 8, 12}
sys cost: 80
Next: 18 2 3 19 5 6 7 8 20 10 11 12 16 14 15 17 || 13 0 1 4 21 22 23 9 
TDMA slots: {1, 0, 1, 0, 0, 0, 0, 0}
S-order: {1, 19, 3, 20, 5, 6, 7, 21, 9, 10, 11, 12, 14, 17, 13, 16, 18, 15, 0, 2, 4, 22, 23, 24, 8}
wcct_b: {1, 1, 0, 0, 0, 0, 0, 0, 0, 1, 1, 0, 0, 1, 1, 0, 0}
wcct_s: {1, 1, 0, 0, 0, 0, 0, 0, 0, 4, 4, 0, 0, 4, 8, 0, 0}
R-order: {1, 2, 3, 20, 5, 6, 7, 21, 11, 14, 18, 12, 17, 16, 15, 13, 10, 9, 19, 0, 4, 22, 23, 24, 8}
wcct_r: {0, 0, 0, 0, 0, 0, 0, 0, 0, 0, 0, 0, 0, 0, 0, 0, 0}
----------------------------------------
*** Solution number: 4 after 3 s ***
----------------------------------------
Proc: {2, 3, 3, 3, 4, 4, 4, 4, 4, 0, 0, 0, 0, 1, 1, 1, 5, 5, 5, 5, 5, 6, 6, 6, 5, 7}
proc mode: {0, 0, 1, 1, 0, 0, 1, 0}
Latency: {720, 1659, 1021}
Period: {384, 1659, 515}
Procs used: 8
Proc_period: {515, 515, 384, 384, 1659, [1..2147483646], [1..2147483646], [1..2147483646]}
Proc utilization: {1000, 965, 1000, 869, 1000, 967, 938, 114}
Sys utilization: 856
ProcsUsed utilization: 856
proc power: {10000, 9660, 6000, 5220, 14000, 13538, 5628, 1596}
sys power: 65642
proc area: {10, 10, 8, 8, 12, 12, 8, 12}
sys area: 80
proc cost: {10, 10, 8, 8, 12, 12, 8, 12}
sys cost: 80
Next: 18 2 3 19 5 6 7 8 20 10 11 12 16 14 15 17 || 13 0 1 4 21 22 23 9 
TDMA slots: {1, 0, 1, 0, 0, 0, 0, 0}
S-order: {1, 19, 3, 20, 5, 6, 7, 21, 9, 10, 11, 12, 14, 17, 13, 16, 18, 15, 0, 2, 4, 22, 23, 24, 8}
wcct_b: {1, 1, 0, 0, 0, 0, 0, 0, 0, 1, 1, 0, 0, 1, 1, 0, 0}
wcct_s: {1, 1, 0, 0, 0, 0, 0, 0, 0, 4, 4, 0, 0, 4, 8, 0, 0}
R-order: {1, 2, 3, 20, 5, 6, 7, 21, 11, 14, 18, 12, 17, 16, 15, 13, 10, 9, 19, 0, 4, 22, 23, 24, 8}
wcct_r: {0, 0, 0, 0, 0, 0, 0, 0, 0, 0, 0, 0, 0, 0, 0, 0, 0}
----------------------------------------
*** Solution number: 5 after 4 s ***
----------------------------------------
Proc: {2, 3, 3, 3, 4, 4, 4, 4, 4, 0, 0, 0, 0, 1, 1, 1, 5, 5, 6, 6, 6, 6, 5, 5, 6, 7}
proc mode: {0, 0, 1, 1, 0, 0, 1, 0}
Latency: {720, 1659, 1021}
Period: {384, 1659, 515}
Procs used: 8
Proc_period: {515, 515, 384, 384, 1659, [1..2147483646], [1..2147483646], [1..2147483646]}
Proc utilization: {1000, 965, 1000, 869, 1000, 960, 949, 114}
Sys utilization: 857
ProcsUsed utilization: 857
proc power: {10000, 9660, 6000, 5220, 14000, 13440, 5694, 1596}
sys power: 65610
proc area: {10, 10, 8, 8, 12, 12, 8, 12}
sys area: 80
proc cost: {10, 10, 8, 8, 12, 12, 8, 12}
sys cost: 80
Next: 18 2 3 19 5 6 7 8 20 10 11 12 16 14 15 17 || 13 0 1 4 21 22 23 9 
TDMA slots: {1, 0, 1, 0, 0, 0, 0, 0}
S-order: {1, 19, 3, 20, 5, 6, 7, 21, 9, 10, 11, 12, 14, 17, 13, 16, 18, 15, 0, 2, 4, 22, 23, 24, 8}
wcct_b: {1, 1, 0, 0, 0, 0, 0, 0, 0, 1, 1, 0, 0, 1, 1, 0, 0}
wcct_s: {1, 1, 0, 0, 0, 0, 0, 0, 0, 4, 4, 0, 0, 4, 8, 0, 0}
R-order: {1, 2, 3, 20, 5, 6, 7, 21, 11, 14, 18, 12, 17, 16, 15, 13, 10, 9, 19, 0, 4, 22, 23, 24, 8}
wcct_r: {0, 0, 0, 0, 0, 0, 0, 0, 0, 0, 0, 0, 0, 0, 0, 0, 0}
----------------------------------------
*** Solution number: 6 after 8 s ***
----------------------------------------
Proc: {2, 3, 3, 3, 4, 4, 4, 4, 4, 0, 0, 0, 0, 1, 1, 1, 5, 6, 5, 6, 5, 5, 6, 6, 6, 7}
proc mode: {0, 0, 1, 1, 0, 1, 0, 0}
Latency: {720, 1659, 1021}
Period: {384, 1659, 515}
Procs used: 8
Proc_period: {515, 515, 384, 384, 1659, [1..2147483646], [1..2147483646], [1..2147483646]}
Proc utilization: {1000, 965, 1000, 869, 1000, 967, 948, 114}
Sys utilization: 857
ProcsUsed utilization: 857
proc power: {10000, 9660, 6000, 5220, 14000, 5802, 13272, 1596}
sys power: 65550
proc area: {10, 10, 8, 8, 12, 8, 12, 12}
sys area: 80
proc cost: {10, 10, 8, 8, 12, 8, 12, 12}
sys cost: 80
Next: 18 2 3 19 5 6 7 8 20 10 11 12 16 14 15 17 || 13 0 1 4 21 22 23 9 
TDMA slots: {1, 0, 1, 0, 0, 0, 0, 0}
S-order: {1, 19, 3, 20, 5, 6, 7, 21, 9, 10, 11, 12, 14, 17, 13, 16, 18, 15, 0, 2, 4, 22, 23, 24, 8}
wcct_b: {1, 1, 0, 0, 0, 0, 0, 0, 0, 1, 1, 0, 0, 1, 1, 0, 0}
wcct_s: {1, 1, 0, 0, 0, 0, 0, 0, 0, 4, 4, 0, 0, 4, 8, 0, 0}
R-order: {1, 2, 3, 20, 5, 6, 7, 21, 11, 14, 18, 12, 17, 16, 15, 13, 10, 9, 19, 0, 4, 22, 23, 24, 8}
wcct_r: {0, 0, 0, 0, 0, 0, 0, 0, 0, 0, 0, 0, 0, 0, 0, 0, 0}
----------------------------------------
*** Solution number: 7 after 14 s ***
----------------------------------------
Proc: {2, 3, 3, 3, 4, 4, 4, 4, 4, 0, 0, 0, 0, 1, 1, 1, 5, 5, 5, 6, 6, 6, 6, 6, 7, 7}
proc mode: {0, 0, 1, 1, 0, 1, 0, 1}
Latency: {720, 1659, 1021}
Period: {384, 1659, 515}
Procs used: 8
Proc_period: {515, 515, 384, 384, 1659, [1..2147483646], [1..2147483646], [1..2147483646]}
Proc utilization: {1000, 965, 1000, 869, 1000, 891, 884, 342}
Sys utilization: 868
ProcsUsed utilization: 868
proc power: {10000, 9660, 6000, 5220, 14000, 5346, 12376, 2052}
sys power: 64654
proc area: {10, 10, 8, 8, 12, 8, 12, 8}
sys area: 76
proc cost: {10, 10, 8, 8, 12, 8, 12, 8}
sys cost: 76
Next: 18 2 3 19 5 6 7 8 20 10 11 12 16 14 15 17 || 13 0 1 4 21 22 23 9 
TDMA slots: {1, 0, 1, 0, 0, 0, 0, 0}
S-order: {1, 19, 3, 20, 5, 6, 7, 21, 9, 10, 11, 12, 14, 17, 13, 16, 18, 15, 0, 2, 4, 22, 23, 24, 8}
wcct_b: {1, 1, 0, 0, 0, 0, 0, 0, 0, 1, 1, 0, 0, 1, 1, 0, 0}
wcct_s: {1, 1, 0, 0, 0, 0, 0, 0, 0, 4, 4, 0, 0, 4, 8, 0, 0}
R-order: {1, 2, 3, 20, 5, 6, 7, 21, 11, 14, 18, 12, 17, 16, 15, 13, 10, 9, 19, 0, 4, 22, 23, 24, 8}
wcct_r: {0, 0, 0, 0, 0, 0, 0, 0, 0, 0, 0, 0, 0, 0, 0, 0, 0}
----------------------------------------
*** Solution number: 8 after 15 s ***
----------------------------------------
Proc: {2, 3, 3, 3, 4, 4, 4, 4, 4, 0, 0, 0, 0, 1, 1, 1, 5, 5, 5, 6, 6, 6, 6, 7, 6, 6}
proc mode: {0, 0, 1, 1, 0, 1, 0, 1}
Latency: {720, 1659, 1021}
Period: {384, 1659, 515}
Procs used: 8
Proc_period: {515, 515, 384, 384, 1659, [1..2147483646], [1..2147483646], [1..2147483646]}
Proc utilization: {1000, 965, 1000, 869, 1000, 891, 872, 360}
Sys utilization: 869
ProcsUsed utilization: 869
proc power: {10000, 9660, 6000, 5220, 14000, 5346, 12208, 2160}
sys power: 64594
proc area: {10, 10, 8, 8, 12, 8, 12, 8}
sys area: 76
proc cost: {10, 10, 8, 8, 12, 8, 12, 8}
sys cost: 76
Next: 18 2 3 19 5 6 7 8 20 10 11 12 16 14 15 17 || 13 0 1 4 21 22 23 9 
TDMA slots: {1, 0, 1, 0, 0, 0, 0, 0}
S-order: {1, 19, 3, 20, 5, 6, 7, 21, 9, 10, 11, 12, 14, 17, 13, 16, 18, 15, 0, 2, 4, 22, 23, 24, 8}
wcct_b: {1, 1, 0, 0, 0, 0, 0, 0, 0, 1, 1, 0, 0, 1, 1, 0, 0}
wcct_s: {1, 1, 0, 0, 0, 0, 0, 0, 0, 4, 4, 0, 0, 4, 8, 0, 0}
R-order: {1, 2, 3, 20, 5, 6, 7, 21, 11, 14, 18, 12, 17, 16, 15, 13, 10, 9, 19, 0, 4, 22, 23, 24, 8}
wcct_r: {0, 0, 0, 0, 0, 0, 0, 0, 0, 0, 0, 0, 0, 0, 0, 0, 0}
----------------------------------------
*** Solution number: 9 after 15 s ***
----------------------------------------
Proc: {2, 3, 3, 3, 4, 4, 4, 4, 4, 0, 0, 0, 0, 1, 1, 1, 5, 5, 5, 6, 6, 6, 6, 7, 6, 7}
proc mode: {0, 0, 1, 1, 0, 1, 0, 1}
Latency: {720, 1659, 1021}
Period: {384, 1659, 515}
Procs used: 8
Proc_period: {515, 515, 384, 384, 1659, [1..2147483646], [1..2147483646], [1..2147483646]}
Proc utilization: {1000, 965, 1000, 869, 1000, 891, 758, 531}
Sys utilization: 876
ProcsUsed utilization: 876
proc power: {10000, 9660, 6000, 5220, 14000, 5346, 10612, 3186}
sys power: 64024
proc area: {10, 10, 8, 8, 12, 8, 12, 8}
sys area: 76
proc cost: {10, 10, 8, 8, 12, 8, 12, 8}
sys cost: 76
Next: 18 2 3 19 5 6 7 8 20 10 11 12 16 14 15 17 || 13 0 1 4 21 22 23 9 
TDMA slots: {1, 0, 1, 0, 0, 0, 0, 0}
S-order: {1, 19, 3, 20, 5, 6, 7, 21, 9, 10, 11, 12, 14, 17, 13, 16, 18, 15, 0, 2, 4, 22, 23, 24, 8}
wcct_b: {1, 1, 0, 0, 0, 0, 0, 0, 0, 1, 1, 0, 0, 1, 1, 0, 0}
wcct_s: {1, 1, 0, 0, 0, 0, 0, 0, 0, 4, 4, 0, 0, 4, 8, 0, 0}
R-order: {1, 2, 3, 20, 5, 6, 7, 21, 11, 14, 18, 12, 17, 16, 15, 13, 10, 9, 19, 0, 4, 22, 23, 24, 8}
wcct_r: {0, 0, 0, 0, 0, 0, 0, 0, 0, 0, 0, 0, 0, 0, 0, 0, 0}
----------------------------------------
*** Solution number: 10 after 15 s ***
----------------------------------------
Proc: {2, 3, 3, 3, 4, 4, 4, 4, 4, 0, 0, 0, 0, 1, 1, 1, 5, 5, 5, 6, 6, 7, 6, 6, 7, 7}
proc mode: {0, 0, 1, 1, 0, 1, 0, 1}
Latency: {720, 1659, 1021}
Period: {384, 1659, 515}
Procs used: 8
Proc_period: {515, 515, 384, 384, 1659, [1..2147483646], [1..2147483646], [1..2147483646]}
Proc utilization: {1000, 965, 1000, 869, 1000, 891, 739, 560}
Sys utilization: 878
ProcsUsed utilization: 878
proc power: {10000, 9660, 6000, 5220, 14000, 5346, 10346, 3360}
sys power: 63932
proc area: {10, 10, 8, 8, 12, 8, 12, 8}
sys area: 76
proc cost: {10, 10, 8, 8, 12, 8, 12, 8}
sys cost: 76
Next: 18 2 3 19 5 6 7 8 20 10 11 12 16 14 15 17 || 13 0 1 4 21 22 23 9 
TDMA slots: {1, 0, 1, 0, 0, 0, 0, 0}
S-order: {1, 19, 3, 20, 5, 6, 7, 21, 9, 10, 11, 12, 14, 17, 13, 16, 18, 15, 0, 2, 4, 22, 23, 24, 8}
wcct_b: {1, 1, 0, 0, 0, 0, 0, 0, 0, 1, 1, 0, 0, 1, 1, 0, 0}
wcct_s: {1, 1, 0, 0, 0, 0, 0, 0, 0, 4, 4, 0, 0, 4, 8, 0, 0}
R-order: {1, 2, 3, 20, 5, 6, 7, 21, 11, 14, 18, 12, 17, 16, 15, 13, 10, 9, 19, 0, 4, 22, 23, 24, 8}
wcct_r: {0, 0, 0, 0, 0, 0, 0, 0, 0, 0, 0, 0, 0, 0, 0, 0, 0}
----------------------------------------
*** Solution number: 11 after 15 s ***
----------------------------------------
Proc: {2, 3, 3, 3, 4, 4, 4, 4, 4, 0, 0, 0, 0, 1, 1, 1, 5, 5, 5, 6, 6, 7, 6, 7, 6, 6}
proc mode: {0, 0, 1, 1, 0, 1, 0, 1}
Latency: {720, 1659, 1021}
Period: {384, 1659, 515}
Procs used: 8
Proc_period: {515, 515, 384, 384, 1659, [1..2147483646], [1..2147483646], [1..2147483646]}
Proc utilization: {1000, 965, 1000, 869, 1000, 891, 727, 578}
Sys utilization: 878
ProcsUsed utilization: 878
proc power: {10000, 9660, 6000, 5220, 14000, 5346, 10178, 3468}
sys power: 63872
proc area: {10, 10, 8, 8, 12, 8, 12, 8}
sys area: 76
proc cost: {10, 10, 8, 8, 12, 8, 12, 8}
sys cost: 76
Next: 18 2 3 19 5 6 7 8 20 10 11 12 16 14 15 17 || 13 0 1 4 21 22 23 9 
TDMA slots: {1, 0, 1, 0, 0, 0, 0, 0}
S-order: {1, 19, 3, 20, 5, 6, 7, 21, 9, 10, 11, 12, 14, 17, 13, 16, 18, 15, 0, 2, 4, 22, 23, 24, 8}
wcct_b: {1, 1, 0, 0, 0, 0, 0, 0, 0, 1, 1, 0, 0, 1, 1, 0, 0}
wcct_s: {1, 1, 0, 0, 0, 0, 0, 0, 0, 4, 4, 0, 0, 4, 8, 0, 0}
R-order: {1, 2, 3, 20, 5, 6, 7, 21, 11, 14, 18, 12, 17, 16, 15, 13, 10, 9, 19, 0, 4, 22, 23, 24, 8}
wcct_r: {0, 0, 0, 0, 0, 0, 0, 0, 0, 0, 0, 0, 0, 0, 0, 0, 0}
----------------------------------------
*** Solution number: 12 after 16 s ***
----------------------------------------
Proc: {2, 3, 3, 3, 4, 4, 4, 4, 4, 0, 0, 0, 0, 1, 1, 1, 5, 5, 5, 6, 7, 7, 6, 6, 6, 7}
proc mode: {0, 0, 1, 1, 0, 1, 0, 1}
Latency: {720, 1659, 1021}
Period: {384, 1659, 515}
Procs used: 8
Proc_period: {515, 515, 384, 384, 1659, [1..2147483646], [1..2147483646], [1..2147483646]}
Proc utilization: {1000, 965, 1000, 869, 1000, 891, 708, 607}
Sys utilization: 880
ProcsUsed utilization: 880
proc power: {10000, 9660, 6000, 5220, 14000, 5346, 9912, 3642}
sys power: 63780
proc area: {10, 10, 8, 8, 12, 8, 12, 8}
sys area: 76
proc cost: {10, 10, 8, 8, 12, 8, 12, 8}
sys cost: 76
Next: 18 2 3 19 5 6 7 8 20 10 11 12 16 14 15 17 || 13 0 1 4 21 22 23 9 
TDMA slots: {1, 0, 1, 0, 0, 0, 0, 0}
S-order: {1, 19, 3, 20, 5, 6, 7, 21, 9, 10, 11, 12, 14, 17, 13, 16, 18, 15, 0, 2, 4, 22, 23, 24, 8}
wcct_b: {1, 1, 0, 0, 0, 0, 0, 0, 0, 1, 1, 0, 0, 1, 1, 0, 0}
wcct_s: {1, 1, 0, 0, 0, 0, 0, 0, 0, 4, 4, 0, 0, 4, 8, 0, 0}
R-order: {1, 2, 3, 20, 5, 6, 7, 21, 11, 14, 18, 12, 17, 16, 15, 13, 10, 9, 19, 0, 4, 22, 23, 24, 8}
wcct_r: {0, 0, 0, 0, 0, 0, 0, 0, 0, 0, 0, 0, 0, 0, 0, 0, 0}
----------------------------------------
*** Solution number: 13 after 16 s ***
----------------------------------------
Proc: {2, 3, 3, 3, 4, 4, 4, 4, 4, 0, 0, 0, 0, 1, 1, 1, 5, 5, 6, 6, 5, 7, 6, 7, 6, 6}
proc mode: {0, 0, 1, 1, 0, 1, 0, 1}
Latency: {720, 1659, 1021}
Period: {384, 1659, 515}
Procs used: 8
Proc_period: {515, 515, 384, 384, 1659, [1..2147483646], [1..2147483646], [1..2147483646]}
Proc utilization: {1000, 965, 1000, 869, 1000, 938, 696, 578}
Sys utilization: 880
ProcsUsed utilization: 880
proc power: {10000, 9660, 6000, 5220, 14000, 5628, 9744, 3468}
sys power: 63720
proc area: {10, 10, 8, 8, 12, 8, 12, 8}
sys area: 76
proc cost: {10, 10, 8, 8, 12, 8, 12, 8}
sys cost: 76
Next: 18 2 3 19 5 6 7 8 20 10 11 12 16 14 15 17 || 13 0 1 4 21 22 23 9 
TDMA slots: {1, 0, 1, 0, 0, 0, 0, 0}
S-order: {1, 19, 3, 20, 5, 6, 7, 21, 9, 10, 11, 12, 14, 17, 13, 16, 18, 15, 0, 2, 4, 22, 23, 24, 8}
wcct_b: {1, 1, 0, 0, 0, 0, 0, 0, 0, 1, 1, 0, 0, 1, 1, 0, 0}
wcct_s: {1, 1, 0, 0, 0, 0, 0, 0, 0, 4, 4, 0, 0, 4, 8, 0, 0}
R-order: {1, 2, 3, 20, 5, 6, 7, 21, 11, 14, 18, 12, 17, 16, 15, 13, 10, 9, 19, 0, 4, 22, 23, 24, 8}
wcct_r: {0, 0, 0, 0, 0, 0, 0, 0, 0, 0, 0, 0, 0, 0, 0, 0, 0}
----------------------------------------
*** Solution number: 14 after 18 s ***
----------------------------------------
Proc: {2, 3, 3, 3, 4, 4, 4, 4, 4, 0, 0, 0, 0, 1, 1, 1, 5, 5, 5, 6, 6, 6, 7, 7, 6, 7}
proc mode: {0, 0, 1, 1, 0, 1, 1, 0}
Latency: {720, 1659, 1021}
Period: {384, 1659, 515}
Procs used: 8
Proc_period: {515, 515, 384, 384, 1659, [1..2147483646], [1..2147483646], [1..2147483646]}
Proc utilization: {1000, 965, 1000, 869, 1000, 891, 778, 594}
Sys utilization: 887
ProcsUsed utilization: 887
proc power: {10000, 9660, 6000, 5220, 14000, 5346, 4668, 8316}
sys power: 63210
proc area: {10, 10, 8, 8, 12, 8, 8, 12}
sys area: 76
proc cost: {10, 10, 8, 8, 12, 8, 8, 12}
sys cost: 76
Next: 18 2 3 19 5 6 7 8 20 10 11 12 16 14 15 17 || 13 0 1 4 21 22 23 9 
TDMA slots: {1, 0, 1, 0, 0, 0, 0, 0}
S-order: {1, 19, 3, 20, 5, 6, 7, 21, 9, 10, 11, 12, 14, 17, 13, 16, 18, 15, 0, 2, 4, 22, 23, 24, 8}
wcct_b: {1, 1, 0, 0, 0, 0, 0, 0, 0, 1, 1, 0, 0, 1, 1, 0, 0}
wcct_s: {1, 1, 0, 0, 0, 0, 0, 0, 0, 4, 4, 0, 0, 4, 8, 0, 0}
R-order: {1, 2, 3, 20, 5, 6, 7, 21, 11, 14, 18, 12, 17, 16, 15, 13, 10, 9, 19, 0, 4, 22, 23, 24, 8}
wcct_r: {0, 0, 0, 0, 0, 0, 0, 0, 0, 0, 0, 0, 0, 0, 0, 0, 0}
----------------------------------------
*** Solution number: 15 after 19 s ***
----------------------------------------
Proc: {2, 3, 3, 3, 4, 4, 4, 4, 4, 0, 0, 0, 0, 1, 1, 1, 5, 5, 5, 6, 7, 7, 6, 6, 7, 7}
proc mode: {0, 0, 1, 1, 0, 1, 1, 0}
Latency: {720, 1659, 1021}
Period: {384, 1659, 515}
Procs used: 8
Proc_period: {515, 515, 384, 384, 1659, [1..2147483646], [1..2147483646], [1..2147483646]}
Proc utilization: {1000, 965, 1000, 869, 1000, 891, 891, 518}
Sys utilization: 891
ProcsUsed utilization: 891
proc power: {10000, 9660, 6000, 5220, 14000, 5346, 5346, 7252}
sys power: 62824
proc area: {10, 10, 8, 8, 12, 8, 8, 12}
sys area: 76
proc cost: {10, 10, 8, 8, 12, 8, 8, 12}
sys cost: 76
Next: 18 2 3 19 5 6 7 8 20 10 11 12 16 14 15 17 || 13 0 1 4 21 22 23 9 
TDMA slots: {1, 0, 1, 0, 0, 0, 0, 0}
S-order: {1, 19, 3, 20, 5, 6, 7, 21, 9, 10, 11, 12, 14, 17, 13, 16, 18, 15, 0, 2, 4, 22, 23, 24, 8}
wcct_b: {1, 1, 0, 0, 0, 0, 0, 0, 0, 1, 1, 0, 0, 1, 1, 0, 0}
wcct_s: {1, 1, 0, 0, 0, 0, 0, 0, 0, 4, 4, 0, 0, 4, 8, 0, 0}
R-order: {1, 2, 3, 20, 5, 6, 7, 21, 11, 14, 18, 12, 17, 16, 15, 13, 10, 9, 19, 0, 4, 22, 23, 24, 8}
wcct_r: {0, 0, 0, 0, 0, 0, 0, 0, 0, 0, 0, 0, 0, 0, 0, 0, 0}
----------------------------------------
*** Solution number: 16 after 19 s ***
----------------------------------------
Proc: {2, 3, 3, 3, 4, 4, 4, 4, 4, 0, 0, 0, 0, 1, 1, 1, 5, 5, 6, 6, 5, 6, 6, 7, 7, 7}
proc mode: {0, 0, 1, 1, 0, 1, 1, 0}
Latency: {720, 1659, 1021}
Period: {384, 1659, 515}
Procs used: 8
Proc_period: {515, 515, 384, 384, 1659, [1..2147483646], [1..2147483646], [1..2147483646]}
Proc utilization: {1000, 965, 1000, 869, 1000, 938, 920, 468}
Sys utilization: 895
ProcsUsed utilization: 895
proc power: {10000, 9660, 6000, 5220, 14000, 5628, 5520, 6552}
sys power: 62580
proc area: {10, 10, 8, 8, 12, 8, 8, 12}
sys area: 76
proc cost: {10, 10, 8, 8, 12, 8, 8, 12}
sys cost: 76
Next: 18 2 3 19 5 6 7 8 20 10 11 12 16 14 15 17 || 13 0 1 4 21 22 23 9 
TDMA slots: {1, 0, 1, 0, 0, 0, 0, 0}
S-order: {1, 19, 3, 20, 5, 6, 7, 21, 9, 10, 11, 12, 14, 17, 13, 16, 18, 15, 0, 2, 4, 22, 23, 24, 8}
wcct_b: {1, 1, 0, 0, 0, 0, 0, 0, 0, 1, 1, 0, 0, 1, 1, 0, 0}
wcct_s: {1, 1, 0, 0, 0, 0, 0, 0, 0, 4, 4, 0, 0, 4, 8, 0, 0}
R-order: {1, 2, 3, 20, 5, 6, 7, 21, 11, 14, 18, 12, 17, 16, 15, 13, 10, 9, 19, 0, 4, 22, 23, 24, 8}
wcct_r: {0, 0, 0, 0, 0, 0, 0, 0, 0, 0, 0, 0, 0, 0, 0, 0, 0}
----------------------------------------
*** Solution number: 17 after 19 s ***
----------------------------------------
Proc: {2, 3, 3, 3, 4, 4, 4, 4, 4, 0, 0, 0, 0, 1, 1, 1, 5, 5, 7, 7, 5, 6, 6, 6, 7, 7}
proc mode: {0, 0, 1, 1, 0, 1, 1, 0}
Latency: {720, 1659, 1021}
Period: {384, 1659, 515}
Procs used: 8
Proc_period: {515, 515, 384, 384, 1659, [1..2147483646], [1..2147483646], [1..2147483646]}
Proc utilization: {1000, 965, 1000, 869, 1000, 938, 938, 456}
Sys utilization: 895
ProcsUsed utilization: 895
proc power: {10000, 9660, 6000, 5220, 14000, 5628, 5628, 6384}
sys power: 62520
proc area: {10, 10, 8, 8, 12, 8, 8, 12}
sys area: 76
proc cost: {10, 10, 8, 8, 12, 8, 8, 12}
sys cost: 76
Next: 18 2 3 19 5 6 7 8 20 10 11 12 16 14 15 17 || 13 0 1 4 21 22 23 9 
TDMA slots: {1, 0, 1, 0, 0, 0, 0, 0}
S-order: {1, 19, 3, 20, 5, 6, 7, 21, 9, 10, 11, 12, 14, 17, 13, 16, 18, 15, 0, 2, 4, 22, 23, 24, 8}
wcct_b: {1, 1, 0, 0, 0, 0, 0, 0, 0, 1, 1, 0, 0, 1, 1, 0, 0}
wcct_s: {1, 1, 0, 0, 0, 0, 0, 0, 0, 4, 4, 0, 0, 4, 8, 0, 0}
R-order: {1, 2, 3, 20, 5, 6, 7, 21, 11, 14, 18, 12, 17, 16, 15, 13, 10, 9, 19, 0, 4, 22, 23, 24, 8}
wcct_r: {0, 0, 0, 0, 0, 0, 0, 0, 0, 0, 0, 0, 0, 0, 0, 0, 0}
----------------------------------------
*** Solution number: 18 after 27 s ***
----------------------------------------
Proc: {2, 3, 3, 3, 4, 4, 4, 4, 4, 0, 0, 0, 0, 1, 1, 1, 5, 5, 5, 6, 7, 7, 6, 6, 7, 7}
proc mode: {0, 0, 1, 1, 0, 1, 1, 1}
Latency: {720, 1659, 1021}
Period: {384, 1659, 515}
Procs used: 8
Proc_period: {515, 515, 384, 384, 1659, [1..2147483646], [1..2147483646], [1..2147483646]}
Proc utilization: {1000, 965, 1000, 869, 1000, 891, 891, 778}
Sys utilization: 924
ProcsUsed utilization: 924
proc power: {10000, 9660, 6000, 5220, 14000, 5346, 5346, 4668}
sys power: 60240
proc area: {10, 10, 8, 8, 12, 8, 8, 8}
sys area: 72
proc cost: {10, 10, 8, 8, 12, 8, 8, 8}
sys cost: 72
Next: 18 2 3 19 5 6 7 8 20 10 11 12 16 14 15 17 || 13 0 1 4 21 22 23 9 
TDMA slots: {1, 0, 1, 0, 0, 0, 0, 0}
S-order: {1, 19, 3, 20, 5, 6, 7, 21, 9, 10, 11, 12, 14, 17, 13, 16, 18, 15, 0, 2, 4, 22, 23, 24, 8}
wcct_b: {1, 1, 0, 0, 0, 0, 0, 0, 0, 1, 1, 0, 0, 1, 1, 0, 0}
wcct_s: {1, 1, 0, 0, 0, 0, 0, 0, 0, 4, 4, 0, 0, 4, 8, 0, 0}
R-order: {1, 2, 3, 20, 5, 6, 7, 21, 11, 14, 18, 12, 17, 16, 15, 13, 10, 9, 19, 0, 4, 22, 23, 24, 8}
wcct_r: {0, 0, 0, 0, 0, 0, 0, 0, 0, 0, 0, 0, 0, 0, 0, 0, 0}
----------------------------------------
