~~~~~ *** BEGIN OF PRESOLVER SOLUTIONS *** ~~~~~
Pre-solution 1----------
----------------------------------------
Proc: {2, 2, 3, 3, 0, 0, 1, 1, 1, 4, 2, 4, 3, 3, 5, 5, 6, 6, 6, 6, 6, 6, 6, 6}
proc mode: {0, 0, 0, 0, 0, 0, 0, 0}
Latency: {662, 2081, 1013, 6652}
Period: {428, 1192, 428, 6652}
Procs used: 7
Proc_period: {1192, 1192, 428, 428, 428, 428, 6652, [1..2147483646]}
Proc utilization: {1000, 738, 1000, 971, 616, 537, 1000, 0}
Sys utilization: 732
ProcsUsed utilization: 837
proc power: {10000, 7390, 10000, 9720, 12340, 10760, 20000, 0}
sys power: 80210
least_power_est: 231006
proc area: {16, 16, 16, 16, 32, 32, 32, 32}
sys area: 192
proc cost: {16, 16, 16, 16, 32, 32, 32, 32}
sys cost: 192
Next: 1 26 3 13 5 24 7 8 25 11 0 28 2 27 15 29 17 18 19 20 21 22 23 30 || 6 10 12 9 14 16 31 4 
Rank: 2 3 4 5 0 1 2 3 4 0 1 2 3 6 7 8 0 1 2 3 4 5 6 7 
TDMA slots: {1, 0, 1, 1, 1, 0, 0, 0}
S-order: {1, 2, 30, 15, 5, 28, 7, 29, 9, 10, 12, 0, 32, 3, 13, 31, 33, 18, 19, 21, 22, 20, 23, 24, 25, 26, 27, 34, 6, 11, 14, 8, 16, 17, 35, 4}
wcct_b: {0, 1, 1, 0, 0, 1, 0, 0, 1, 1, 1, 1, 1, 1, 0, 1, 0, 0, 0, 0, 0, 0, 0, 0, 0, 0, 0, 0}
wcct_s: {0, 2, 1, 0, 0, 8, 0, 0, 8, 4, 4, 8, 8, 4, 0, 12, 0, 0, 0, 0, 0, 0, 0, 0, 0, 0, 0, 0}
R-order: {30, 3, 14, 2, 28, 6, 7, 29, 0, 31, 33, 32, 1, 15, 9, 16, 10, 18, 23, 26, 22, 20, 17, 24, 19, 21, 27, 34, 5, 8, 12, 11, 13, 25, 35, 4}
wcct_r: {0, 0, 0, 0, 0, 0, 0, 0, 0, 0, 0, 0, 0, 0, 0, 0, 0, 0, 0, 0, 0, 0, 0, 0, 0, 0, 0, 0}
----------------------------------------
------------------------------

